2008-02-12,404.75,404.75,404.75,404.75,5900.0,373.184,0
2008-02-18,410.0,410.0,410.0,410.0,3800.0,378.024
2008-05-06,367.875,372.75,367.875,367.875,100.0,339.185,0
2008-05-08,358.75,359.5,358.5,358.75,15000.0,330.771,0
2008-05-09,357.0,357.0,357.0,357.0,40000.0,329.158,0
2008-05-21,361.75,361.75,361.375,361.75,0.0,333.537,0
2008-06-05,363.25,363.5,363.25,363.25,200.0,334.92,0
2008-06-27,343.0,343.125,342.375,343.0,400.0,316.25,0
2008-07-01,335.125,335.125,335.125,335.125,15000.0,308.989,0
2008-07-04,333.375,333.375,333.375,333.375,22000.0,307.375,0
2008-07-07,332.0,332.5,329.75,332.0,13796700.0,306.108,0
2008-07-08,332.875,332.875,328.875,332.875,0.0,306.914,0
2008-07-09,329.5,332.25,328.75,329.5,0.0,303.803,0
2008-07-10,329.25,330.5,326.25,329.25,0.0,303.572,0
2008-07-11,325.5,329.5,325.5,325.5,0.0,300.114,0
2008-07-14,318.25,328.0,316.25,318.25,0.0,293.43,0
2008-07-15,312.525,316.5,311.0,312.525,0.0,288.151,0
2008-07-16,314.25,315.25,308.525,314.25,0.0,289.742,0
2008-07-17,317.5,317.5,314.625,317.5,0.0,292.738,0
2008-07-18,327.0,330.0,317.0,327.0,0.0,301.497,0
2008-07-21,329.5,330.275,323.75,329.5,0.0,303.803,0
2008-07-22,316.75,327.0,313.75,316.75,0.0,292.047,0
2008-07-23,324.25,325.25,318.25,324.25,0.0,298.962,0
2008-07-24,331.025,332.0,325.25,331.025,0.0,305.209,0
2008-07-25,330.775,333.75,328.75,330.775,0.0,304.978,0
2008-07-28,327.25,329.5,326.75,327.25,0.0,301.728,0
2008-08-18,352.5,353.75,348.75,352.5,0.0,325.009,0
2008-08-19,347.5,353.0,347.375,347.5,0.0,320.399,0
2008-08-20,343.0,347.75,340.5,343.0,0.0,316.25,0
2008-08-21,338.5,340.5,336.0,338.5,0.0,312.101,0
2008-08-22,347.0,350.0,340.25,347.0,0.0,319.938,0
2008-08-25,345.0,347.25,345.0,345.0,0.0,318.094,0
2008-08-26,344.25,345.5,341.25,344.25,0.0,317.402,0
2008-08-27,347.25,348.25,342.75,347.25,0.0,320.168,0
2008-08-28,348.75,349.5,345.75,348.75,0.0,321.551,0
2008-08-29,353.5,354.25,349.025,353.5,0.0,325.931,0
2008-09-01,352.75,353.5,350.975,352.75,0.0,325.239,0
2008-09-02,357.5,358.75,352.0,357.5,0.0,329.619,0
2008-09-03,361.25,361.725,355.25,361.25,0.0,333.076,0
2008-09-04,352.75,361.5,352.75,352.75,0.0,325.239,0
2008-09-05,351.25,357.025,349.625,351.25,0.0,323.856,0
2008-09-08,361.0,365.0,360.25,361.0,0.0,332.846,0
2008-09-09,359.275,363.5,358.75,359.275,0.0,331.255,0
2008-09-10,360.75,363.75,358.0,360.75,0.0,332.615,0
2008-09-11,357.25,361.0,355.5,357.25,0.0,329.388,0
2008-09-12,359.5,359.75,356.5,359.5,0.0,331.463,0
2008-09-15,352.25,355.5,347.5,352.25,0.0,324.778,0
2008-09-16,349.75,354.0,348.75,349.75,0.0,322.473,0
2008-09-17,344.5,347.5,340.75,344.5,0.0,317.633,0
2008-09-18,344.0,346.0,334.0,344.0,0.0,317.172,0
2008-09-19,354.25,354.5,350.0,354.25,0.0,326.622,0
2008-09-22,353.0,362.25,353.0,353.0,0.0,325.47,0
2008-09-23,350.75,355.0,348.75,350.75,0.0,323.395,0
2008-09-24,346.5,352.0,346.25,346.5,0.0,319.477,0
2008-09-25,349.0,349.0,345.0,349.0,0.0,321.782,0
2008-09-26,346.75,349.0,344.25,346.75,0.0,319.707,0
2008-09-29,337.75,343.25,337.75,337.75,0.0,311.409,0
2008-09-30,332.0,334.0,328.125,332.0,0.0,306.108,0
2008-10-01,338.75,346.0,335.25,338.75,0.0,312.331,0
2008-10-02,346.25,354.5,342.5,346.25,0.0,319.246,0
2008-10-03,357.0,357.0,340.5,357.0,0.0,329.158,0
2008-10-06,357.5,359.75,346.0,357.5,0.0,329.619,0
2008-10-07,351.0,352.5,345.25,351.0,0.0,323.626,0
2008-10-08,338.25,339.75,330.25,338.25,0.0,311.87,0
2008-10-09,329.5,332.5,327.5,329.5,0.0,303.803,0
2008-10-10,297.75,306.5,294.125,297.75,0.0,274.529,0
2008-10-13,313.5,315.25,299.75,313.5,0.0,289.05,0
2008-10-14,321.75,331.75,318.375,321.75,0.0,296.657,0
2008-10-15,334.5,338.75,325.875,334.5,0.0,308.413,0
2008-10-16,313.75,322.75,313.5,313.75,0.0,289.281,0
2008-10-17,342.875,342.875,324.0,342.875,0.0,316.134,0
2008-10-20,358.5,358.5,352.25,358.5,0.0,330.541,0
2008-10-21,357.25,365.5,357.25,357.25,0.0,329.388,0
2008-10-22,348.25,355.75,347.25,348.25,0.0,321.09,0
2008-10-23,348.25,350.25,341.0,348.25,0.0,321.09,0
2008-10-24,364.1,364.1,341.25,364.1,0.0,335.704,0
2008-10-27,342.0,359.5,342.0,342.0,0.0,315.328,0
2008-10-28,351.5,351.5,341.5,351.5,0.0,324.087,0
2008-10-29,356.125,361.75,355.0,356.125,0.0,328.351,0
2008-10-30,354.5,362.0,354.5,354.5,0.0,326.853,0
2008-10-31,353.375,356.25,351.5,353.375,0.0,325.816,0
2008-11-03,358.0,361.0,353.0,358.0,0.0,330.08,0
2008-11-04,365.0,365.0,355.0,365.0,0.0,336.534,0
2008-11-05,355.75,360.0,346.5,355.75,0.0,328.005,0
2008-11-06,350.75,357.25,348.5,350.75,0.0,323.395,0
2008-11-07,351.5,354.25,345.75,351.5,0.0,324.087,0
2008-11-10,354.25,357.0,352.0,354.25,0.0,326.622,0
2008-11-11,331.25,351.25,328.45,331.25,0.0,305.416,0
2008-11-12,333.0,337.0,331.5,333.0,0.0,307.03,0
2008-11-13,343.5,343.5,325.75,343.5,0.0,316.711,0
2008-11-14,347.0,355.875,344.0,347.0,0.0,319.938,0
2008-11-17,342.0,343.75,336.75,342.0,0.0,315.328,0
2008-11-18,343.75,343.75,335.0,343.75,0.0,316.941,0
2008-11-19,343.5,345.75,342.5,343.5,0.0,316.711,0
2008-11-20,339.0,342.0,336.0,339.0,0.0,312.562,0
2008-11-21,332.25,338.5,332.0,332.25,0.0,306.338,0
2008-11-24,341.25,341.25,336.5,341.25,0.0,314.636,0
2008-11-25,343.5,353.0,343.5,343.5,0.0,316.711,0
2008-11-26,345.0,349.5,341.25,345.0,0.0,318.094,0
2008-11-27,345.75,352.75,342.75,345.75,0.0,318.785,0
2008-11-28,346.5,348.875,340.75,346.5,0.0,319.477,0
2008-12-01,336.775,347.75,334.5,336.775,0.0,310.51,0
2008-12-02,343.0,343.5,330.25,343.0,0.0,316.25,0
2008-12-03,340.75,345.75,337.25,340.75,0.0,314.175,0
2008-12-04,355.0,356.75,348.75,355.0,0.0,327.314,0
2008-12-05,352.0,352.0,346.25,352.0,0.0,324.548,0
2008-12-08,361.25,363.0,352.0,356.25,0.0,328.466,0
2008-12-16,339.0,339.0,339.0,339.0,0.0,312.562,0
2008-12-22,338.75,346.25,338.75,343.0,0.0,316.25,0
2008-12-23,343.75,348.5,343.0,343.5,0.0,316.711,0
2008-12-29,340.875,340.875,337.5,338.0,0.0,311.64,0
2008-12-30,341.5,342.0,338.5,340.75,0.0,314.175,0
2009-01-05,347.75,358.25,347.75,357.75,0.0,329.849,0
2009-01-06,357.0,364.0,356.75,361.0,0.0,332.846,0
2009-01-07,360.5,360.5,354.5,355.5,0.0,327.775,0
2009-01-08,352.75,356.5,350.25,355.0,0.0,327.314,0
2009-01-09,353.5,360.75,351.0,354.0,0.0,326.392,0
2009-01-12,350.275,351.5,346.5,346.5,9400.0,319.477,0
2009-01-13,345.525,345.525,338.875,341.5,21400.0,314.867,0
2009-01-14,342.75,344.5,337.5,339.25,8300.0,312.792,0
2009-01-15,338.525,343.5,334.5,341.5,14500.0,314.867,0
2009-01-16,347.475,358.75,345.775,351.775,11600.0,324.34,0
2009-01-19,357.025,357.75,353.0,355.25,7700.0,327.544,0
2009-01-20,357.225,358.75,354.5,354.75,13700.0,327.083,0
2009-01-21,351.75,353.5,349.5,351.25,12300.0,323.856,0
2009-01-22,352.75,353.5,345.5,347.0,6200.0,319.938,0
2009-01-23,349.225,353.5,347.525,353.5,5400.0,325.931,0
2009-01-26,351.25,360.0,349.0,360.0,11700.0,331.924,0
2009-01-27,362.5,369.0,357.25,368.775,8400.0,340.014,0
2009-01-28,376.25,376.25,367.0,372.75,5700.0,343.679,0
2009-01-29,370.75,370.75,364.025,368.75,6200.0,339.991,0
2009-01-30,368.5,370.25,364.0,365.75,11500.0,337.225,0
2009-02-02,362.025,364.5,357.75,359.0,2800.0,331.002,0
2009-02-03,362.0,370.75,361.75,369.75,4500.0,340.913,0
2009-02-04,367.5,367.5,354.5,356.25,16300.0,328.466,0
2009-02-05,355.5,362.5,355.05,360.25,10100.0,332.154,0
2009-02-06,359.25,363.5,356.75,362.5,7000.0,334.229,0
2009-02-09,359.5,361.75,357.5,359.25,4100.0,331.232,0
2009-02-10,359.25,365.75,358.75,359.775,11400.0,331.716,0
2009-02-11,357.25,360.75,355.5,356.75,2700.0,328.927,0
2009-02-12,358.0,360.5,354.75,355.275,4100.0,327.567,0
2009-02-13,359.5,362.25,357.25,359.25,10800.0,331.232,0
2009-02-16,355.5,359.5,355.5,357.0,2600.0,329.158,0
2009-02-17,355.75,357.0,352.25,352.5,3400.0,325.009,0
2009-02-18,351.5,360.5,351.5,358.75,4600.0,330.771,0
2009-02-19,357.25,358.5,355.25,357.5,4500.0,329.619,0
2009-02-20,354.5,356.0,350.0,350.75,12600.0,323.395,0
2009-02-23,353.0,358.5,353.0,355.25,5300.0,327.544,0
2009-02-24,356.75,357.025,348.0,354.0,4900.0,326.392,0
2009-02-25,354.5,354.5,344.75,349.0,14400.0,321.782,0
2009-02-26,350.5,357.25,350.5,354.0,3200.0,326.392,0
2009-02-27,354.5,358.0,349.5,349.75,6600.0,322.473,0
2009-03-02,349.25,350.5,345.5,346.5,6000.0,319.477,0
2009-03-03,349.225,350.475,332.0,334.975,8500.0,308.851,0
2009-03-04,325.75,325.75,313.5,319.25,10600.0,294.352,0
2009-03-05,317.25,323.25,313.5,319.975,7700.0,295.02,0
2009-03-06,324.25,332.0,322.0,322.25,13700.0,297.118,0
2009-03-09,321.25,323.5,316.0,318.5,14100.0,293.66,0
2009-03-10,315.75,323.25,315.5,323.0,13200.0,297.809,0
2009-03-11,320.0,324.75,317.25,324.75,9100.0,299.423,0
2009-03-12,320.25,329.475,319.5,329.475,10300.0,303.779,0
2009-03-13,332.0,336.125,326.0,327.0,12000.0,301.497,0
2009-03-16,333.5,335.0,327.25,331.25,7000.0,305.416,0
2009-03-17,327.75,332.025,322.75,327.0,9100.0,301.497,0
2009-03-18,329.75,330.25,323.0,325.75,5400.0,300.345,0
2009-03-19,325.0,325.0,321.5,323.0,5600.0,297.809,0
2009-03-20,319.25,323.5,316.25,316.5,7900.0,291.816,0
2009-03-23,321.75,324.25,319.75,324.0,11000.0,298.731,0
2009-03-24,321.0,321.75,313.5,316.75,8700.0,292.047,0
2009-03-25,316.5,326.0,316.5,326.0,9000.0,300.575,0
2009-03-26,323.75,324.5,318.75,320.25,5200.0,295.274,0
2009-03-27,321.0,324.0,318.25,320.25,7500.0,295.274,0
2009-03-30,319.0,319.5,313.25,313.75,2900.0,289.281,0
2009-03-31,315.25,320.25,313.5,317.75,11200.0,292.969,0
2009-04-01,319.75,323.5,315.5,322.75,10300.0,297.579,0
2009-04-02,327.5,328.5,322.0,325.25,9900.0,299.884,0
2009-04-03,325.0,325.0,318.025,318.75,18200.0,293.891,0
2009-04-06,323.75,324.25,316.0,318.0,14500.0,293.199,0
2009-04-07,321.5,322.0,315.0,315.0,13800.0,290.433,0
2009-04-08,314.0,316.0,312.25,314.75,15000.0,290.203,0
2009-04-09,316.75,317.0,309.5,311.275,18500.0,286.999,0
2009-04-14,312.75,312.75,303.25,305.75,8300.0,281.905,0
2009-04-15,306.25,315.5,306.25,315.25,14400.0,290.664,0
2009-04-16,315.75,316.25,313.0,315.0,8100.0,290.433,0
2009-04-17,314.0,315.5,311.0,312.5,12600.0,288.128,0
2009-04-20,314.0,315.25,311.75,315.125,8400.0,290.549,0
2009-04-21,314.75,318.0,309.75,311.75,20300.0,287.437,0
2009-04-22,316.25,320.25,314.75,320.25,10400.0,295.274,0
2009-04-23,318.25,322.25,314.25,320.25,9700.0,295.274,0
2009-04-24,303.75,305.25,296.75,299.45,21800.0,276.096,0
2009-04-27,299.0,299.25,294.25,295.0,24500.0,271.993,0
2009-04-28,294.0,296.25,291.5,295.0,14400.0,271.993,0
2009-04-29,297.0,302.25,295.25,299.0,19300.0,275.681,0
2009-04-30,303.9,304.25,299.0,299.0,15900.0,275.681,0
2009-05-04,300.0,303.25,298.75,301.5,9900.0,277.986,0
2009-05-05,301.5,304.75,301.0,303.75,9900.0,280.061,0
2009-05-06,319.0,319.0,294.75,300.25,19600.0,276.834,0
2009-05-07,300.75,306.0,299.75,300.5,11300.0,277.064,0
2009-05-08,300.75,300.75,294.25,294.5,17900.0,271.532,0
2009-05-11,296.75,296.75,293.0,293.5,3700.0,270.61,0
2009-05-12,295.0,303.75,295.0,303.25,7400.0,279.6,0
2009-05-13,304.0,308.75,303.25,307.0,19700.0,283.057,0
2009-05-14,308.25,308.5,303.5,304.25,6500.0,280.522,0
2009-05-15,303.75,304.75,301.5,303.75,5500.0,280.061,0
2009-05-18,306.0,312.5,305.75,310.5,4400.0,286.284,0
2009-05-19,312.5,312.5,307.75,309.25,10700.0,285.132,0
2009-05-20,309.75,315.75,309.5,311.25,8700.0,286.976,0
2009-05-22,313.5,314.75,310.5,312.7,17600.0,288.313,0
2009-05-25,312.0,314.725,311.75,314.25,7100.0,289.742,0
2009-05-26,311.525,321.025,311.525,320.5,14000.0,295.504,0
2009-05-27,320.975,322.0,318.525,321.25,6100.0,296.196,0
2009-05-28,319.975,320.725,316.275,320.25,17800.0,295.274,0
2009-05-29,320.5,321.0,314.25,315.0,8000.0,290.433,0
2009-06-02,315.275,319.975,314.75,316.25,12100.0,291.586,0
2009-06-03,316.5,319.0,315.5,315.75,7500.0,291.125,0
2009-06-04,315.775,317.525,315.0,315.75,11300.0,291.125,0
2009-06-05,317.725,320.225,314.75,316.25,9700.0,291.586,0
2009-06-08,317.025,320.875,314.75,319.5,7800.0,294.582,0
2009-06-09,319.75,319.75,316.25,317.0,8500.0,292.277,0
2009-06-10,317.25,318.725,313.75,313.75,15400.0,289.281,0
2009-06-11,315.725,316.725,314.5,315.75,17100.0,291.125,0
2009-06-12,314.975,317.475,314.5,315.5,8100.0,290.894,0
2009-06-15,314.775,315.725,313.0,313.5,5900.0,289.05,0
2009-06-16,314.0,316.5,314.0,315.25,7800.0,290.664,0
2009-06-17,315.275,324.75,315.25,323.0,12300.0,297.809,0
2009-06-18,322.5,323.25,320.0,322.0,3600.0,296.887,0
2009-06-19,322.5,327.75,322.25,325.0,10200.0,299.653,0
2009-06-22,325.0,326.25,324.0,325.0,5700.0,299.653,0
2009-06-23,324.75,328.5,324.75,326.5,10000.0,301.036,0
2009-06-24,327.975,328.0,325.25,327.5,5100.0,301.958,0
2009-06-25,326.475,330.0,325.775,329.25,8700.0,303.572,0
2009-06-26,330.975,335.0,330.975,334.0,14700.0,307.952,0
2009-06-29,333.975,335.75,333.725,334.75,5600.0,308.643,0
2009-06-30,335.725,336.45,333.0,334.0,13100.0,307.952,0
2009-07-01,335.5,339.25,335.0,338.75,9600.0,312.331,0
2009-07-02,337.975,341.75,335.375,335.5,11800.0,309.335,0
2009-07-03,335.975,335.975,331.5,334.75,4200.0,308.643,0
2009-07-06,331.775,337.5,330.875,337.5,9500.0,311.179,0
2009-07-07,337.75,337.95,334.5,335.5,7500.0,309.335,0
2009-07-08,333.775,333.775,330.5,330.5,7000.0,304.725,0
2009-07-09,331.25,334.475,331.25,332.25,7600.0,306.338,0
2009-07-10,331.5,335.925,331.5,334.25,9700.0,308.182,0
2009-07-13,332.0,334.475,330.775,333.0,6800.0,307.03,0
2009-07-14,333.05,335.0,331.525,333.5,9200.0,307.491,0
2009-07-15,334.725,335.25,331.75,333.75,7300.0,307.721,0
2009-07-16,333.75,338.725,333.275,338.025,13400.0,311.663,0
2009-07-17,339.25,341.0,338.75,340.0,5700.0,313.484,0
2009-07-20,340.725,342.5,338.025,339.475,6100.0,313.0,0
2009-07-21,338.75,341.25,338.75,340.5,5800.0,313.945,0
2009-07-22,340.225,344.5,339.775,342.75,9200.0,316.019,0
2009-07-23,361.25,361.25,340.0,344.75,8600.0,317.863,0
2009-07-24,343.25,345.75,342.275,343.725,9300.0,316.918,0
2009-07-27,344.275,346.5,344.0,346.5,6700.0,319.477,0
2009-07-28,346.525,352.275,346.525,350.75,13500.0,323.395,0
2009-07-29,349.25,353.25,349.25,350.725,7700.0,323.372,0
2009-07-30,352.5,354.5,350.25,354.25,10900.0,326.622,0
2009-07-31,352.75,354.475,351.0,351.475,13400.0,324.064,0
2009-08-03,351.275,352.0,348.8,349.5,7500.0,322.243,0
2009-08-04,348.725,350.75,348.25,349.0,8100.0,321.782,0
2009-08-05,349.725,350.0,346.475,347.0,8600.0,319.938,0
2009-08-06,347.575,349.1,345.75,347.0,8000.0,319.938,0
2009-08-07,345.775,358.0,345.775,358.0,20100.0,330.08,0
2009-08-10,355.6,358.25,353.5,358.0,8200.0,330.08,0
2009-08-12,358.475,359.5,350.025,354.75,11900.0,327.083,0
2009-08-13,353.725,356.975,350.75,354.75,24600.0,327.083,0
2009-08-14,354.525,354.725,352.0,352.875,11800.0,325.355,0
2009-08-17,352.225,353.475,346.75,348.75,14900.0,321.551,0
2009-08-24,361.025,365.5,360.475,365.5,11100.0,336.995,0
2009-08-25,363.975,371.0,363.975,369.275,11200.0,340.475,0
2009-08-26,369.475,372.0,368.475,371.5,10500.0,342.527,0
2009-08-27,368.275,369.75,365.5,366.75,11000.0,338.147,0
2009-08-28,367.5,370.0,366.75,368.25,11300.0,339.53,0
2009-08-31,367.475,369.225,364.5,365.25,10500.0,336.764,0
2009-09-01,364.275,366.25,362.7,363.75,13300.0,335.381,0
2009-09-02,362.975,364.0,360.75,363.5,11700.0,335.151,0
2009-09-03,363.0,367.0,363.0,365.225,10800.0,336.741,0
2009-09-04,364.5,368.0,363.5,366.75,10800.0,338.147,0
2009-09-07,369.275,372.975,368.75,370.75,8400.0,341.835,0
2009-09-08,372.775,375.0,371.0,372.25,6400.0,343.218,0
2009-09-09,370.525,376.0,369.75,375.975,12900.0,346.653,0
2009-09-10,376.25,377.45,372.775,375.75,12700.0,346.446,0
2009-09-11,375.75,377.25,372.75,376.25,13100.0,346.907,0
2009-09-14,375.225,384.25,374.0,384.25,14800.0,354.283,0
2009-09-15,384.0,386.975,383.0,385.25,15400.0,355.205,0
2009-09-16,386.475,388.0,383.275,384.5,13000.0,354.513,0
2009-09-17,386.275,386.5,382.0,383.5,11800.0,353.591,0
2009-09-18,383.275,384.225,379.25,380.25,9000.0,350.595,0
2009-09-21,377.025,377.75,374.0,376.0,12700.0,346.676,0
2009-09-22,377.275,379.25,374.5,376.0,18400.0,346.676,0
2009-09-23,376.975,377.25,373.775,375.5,14200.0,346.215,0
2009-09-24,375.475,375.475,372.275,372.525,17500.0,343.472,0
2009-09-25,372.975,373.0,368.25,370.775,12600.0,341.858,0
2009-09-28,369.75,377.225,367.75,376.0,17400.0,346.676,0
2009-09-29,376.0,376.0,372.5,373.75,8100.0,344.601,0
2009-09-30,374.0,375.0,368.3,370.0,16600.0,341.144,0
2009-10-01,373.225,375.5,370.25,371.5,17800.0,342.527,0
2009-10-02,370.25,372.425,368.0,370.0,13600.0,341.144,0
2009-10-05,368.775,375.0,368.75,374.025,14700.0,344.855,0
2009-10-06,374.975,380.25,372.5,379.0,27400.0,349.442,0
2009-10-07,377.75,380.0,375.0,376.225,17400.0,346.883,0
2009-10-08,376.75,377.025,366.5,368.0,23000.0,339.3,0
2009-10-09,367.75,373.225,367.5,369.75,13600.0,340.913,0
2009-10-12,371.75,374.475,369.75,371.1,11900.0,342.158,0
2009-10-13,369.525,373.0,364.25,365.75,20300.0,337.225,0
2009-10-14,369.975,371.225,365.25,368.0,16900.0,339.3,0
2009-10-15,366.975,372.05,366.725,371.0,22600.0,342.066,0
2009-10-16,370.5,373.0,368.0,368.5,19400.0,339.761,0
2009-10-19,371.25,371.25,366.75,369.975,17400.0,341.121,0
2009-10-20,370.025,376.25,370.025,375.25,30800.0,345.985,0
2009-10-21,374.95,377.75,372.525,376.75,15300.0,347.368,0
2009-10-22,372.275,379.5,371.5,378.0,21600.0,348.52,0
2009-10-23,376.0,379.125,374.5,374.5,15100.0,345.293,0
2009-10-26,374.25,375.75,370.2,372.25,15100.0,343.218,0
2009-10-27,370.25,375.0,370.25,373.5,13400.0,344.371,0
2009-10-28,372.5,380.0,372.5,375.875,19600.0,346.561,0
2009-10-29,374.975,377.5,372.0,374.75,21900.0,345.523,0
2009-10-30,374.0,374.75,370.975,371.5,21800.0,342.527,0
2009-11-02,369.5,374.0,369.5,371.75,6900.0,342.757,0
2009-11-03,370.525,372.0,367.325,368.75,9700.0,339.991,0
2009-11-04,369.25,370.75,366.0,367.75,24400.0,339.069,0
2009-11-05,367.25,371.75,366.5,370.75,11800.0,341.835,0
2009-11-06,370.975,371.5,368.5,371.0,10500.0,342.066,0
2009-11-09,369.9,375.7,369.9,372.4,11100.0,343.357,0
2009-11-10,373.2,375.2,370.5,373.9,11800.0,344.74,0
2009-11-11,377.3,379.9,376.0,376.8,12500.0,347.414,0
2009-11-12,379.3,389.0,370.0,377.4,13600.0,347.967,0
2009-11-13,384.6,387.2,383.0,383.0,32200.0,353.13,0
2009-11-16,383.6,385.8,381.3,385.8,31900.0,355.712,0
2009-11-17,384.0,387.7,383.6,387.2,14700.0,357.003,0
2009-11-18,388.0,389.0,386.9,388.7,23200.0,358.386,0
2009-11-19,386.0,389.8,383.7,385.0,22700.0,354.974,0
2009-11-20,383.6,386.3,383.0,384.2,16100.0,354.237,0
2009-11-23,387.0,391.3,386.5,390.9,14100.0,360.414,0
2009-11-24,388.0,393.0,388.0,391.0,17400.0,360.506,0
2009-11-25,391.7,397.2,391.55,393.2,29900.0,362.535,0
2009-11-26,393.0,396.6,389.2,389.2,9800.0,358.847,0
2009-11-27,386.8,392.8,386.8,391.5,15700.0,360.967,0
2009-11-30,393.1,394.6,390.6,390.9,12900.0,360.414,0
2009-12-01,393.05,397.7,390.7,397.6,14700.0,366.591,0
2009-12-02,399.6,403.7,397.2,397.5,19300.0,366.499,0
2009-12-03,399.2,401.9,398.8,399.8,20400.0,368.62,0
2009-12-04,399.0,401.6,395.4,400.0,21000.0,368.804,0
2009-12-07,398.8,402.7,396.6,401.8,19000.0,370.464,0
2009-12-08,399.2,400.4,395.3,396.1,13900.0,365.208,0
2009-12-09,395.0,397.3,392.0,394.8,18400.0,364.01,0
2009-12-10,396.0,399.3,394.8,398.7,19500.0,367.606,0
2009-12-11,398.5,401.1,397.7,399.5,17300.0,368.343,0
2009-12-14,399.2,399.2,395.2,396.8,14300.0,365.854,0
2009-12-15,397.1,397.4,393.4,395.4,13300.0,364.563,0
2009-12-16,395.7,396.3,391.8,392.0,19700.0,361.428,0
2009-12-17,391.7,393.1,387.2,388.1,28600.0,357.832,0
2009-12-18,388.0,390.7,386.5,388.6,28900.0,358.293,0
2009-12-21,391.8,394.4,389.7,393.8,7000.0,363.088,0
2009-12-22,394.6,396.1,393.2,394.8,10700.0,364.01,0
2009-12-23,396.2,396.8,394.6,396.4,10000.0,365.485,0
2009-12-28,397.0,397.8,394.6,395.9,3300.0,365.024,0
2009-12-29,394.5,397.3,394.3,395.0,6800.0,364.194,0
2009-12-30,396.8,398.4,395.2,396.0,6300.0,365.116,0
2010-01-04,397.1,398.8,396.4,398.2,8400.0,367.145,0
2010-01-05,398.6,399.1,394.2,398.3,25700.0,367.237,0
2010-01-06,399.0,399.0,395.0,395.3,8200.0,364.471,0
2010-01-07,395.4,395.4,392.7,393.1,18600.0,362.442,0
2010-01-08,394.5,395.6,390.5,392.3,20400.0,361.705,0
2010-01-11,394.8,395.2,389.1,392.6,16400.0,361.981,0
2010-01-12,393.8,394.8,390.6,391.0,20200.0,360.506,0
2010-01-13,390.5,392.0,389.2,391.7,17700.0,361.152,0
2010-01-14,393.4,393.9,389.3,390.0,15300.0,359.584,0
2010-01-15,391.7,393.4,388.4,389.0,18700.0,358.662,0
2010-01-18,390.5,391.5,388.9,389.5,9000.0,359.123,0
2010-01-19,390.0,393.4,389.0,392.8,18200.0,362.166,0
2010-01-26,386.5,388.2,385.1,386.3,25200.0,356.173,0
2010-01-27,385.1,389.3,385.1,388.5,17700.0,358.201,0
2010-01-28,389.7,393.0,387.5,388.05,23700.0,357.786,0
2010-01-29,388.4,390.9,387.5,388.0,18900.0,357.74,0
2010-02-01,387.0,391.0,386.5,389.3,17800.0,358.939,0
2010-02-02,390.7,391.5,386.5,389.0,20300.0,358.662,0
2010-02-03,389.6,390.6,386.1,386.1,18900.0,355.988,0
2010-02-04,386.85,390.3,382.1,382.1,26200.0,352.3,0
2010-02-05,381.9,384.8,380.0,380.7,32600.0,351.009,0
2010-02-08,380.0,388.1,380.0,386.9,33300.0,356.726,0
2010-02-09,384.7,388.9,384.4,385.7,21500.0,355.62,0
2010-02-10,387.8,389.4,383.5,383.5,20300.0,353.591,0
2010-02-11,391.7,396.0,380.0,383.9,231400.0,353.96,0
2010-02-12,391.7,396.0,380.0,385.8,260800.0,355.712,0
2010-02-15,391.7,396.0,380.0,389.2,275900.0,358.847,0
2010-02-16,391.0,394.6,387.2,387.2,29000.0,357.003,0
2010-02-17,391.0,394.6,387.2,391.5,54200.0,360.967,0
2010-02-18,391.0,394.6,372.7,376.4,122400.0,347.045,0
2010-02-19,391.0,394.6,372.7,379.4,153600.0,349.811,0
2010-02-22,391.0,394.6,372.7,377.8,187600.0,348.336,0
2010-02-23,391.0,394.6,372.7,374.9,212800.0,345.662,0
2010-02-24,391.0,394.6,366.5,370.4,242100.0,341.513,0
2010-02-25,391.0,394.6,365.4,365.5,263200.0,336.995,0
2010-02-26,391.0,394.6,365.4,366.6,283700.0,338.009,0
2010-03-01,391.0,394.6,365.4,371.0,305700.0,342.066,0
2010-03-02,391.0,394.6,365.4,369.0,330500.0,340.222,0
2010-03-03,391.0,394.6,365.4,374.4,357400.0,345.201,0
2010-03-04,391.0,394.6,365.4,372.2,387000.0,343.172,0
2010-03-05,391.0,394.6,365.4,375.5,403200.0,346.215,0
2010-03-08,376.2,378.1,374.9,377.3,18600.0,347.875,0
2010-03-09,376.2,380.2,374.9,380.1,46400.0,350.456,0
2010-03-10,381.0,381.8,379.5,381.0,14000.0,351.286,0
2010-03-11,381.1,382.8,380.1,381.1,20300.0,351.378,0
2010-03-12,380.2,382.9,380.1,381.0,26500.0,351.286,0
2010-03-15,382.5,384.6,381.3,382.2,28300.0,352.392,0
2010-03-16,383.7,383.7,380.7,381.6,24700.0,351.839,0
2010-03-17,382.6,385.4,381.1,384.4,31900.0,354.421,0
2010-03-18,383.5,384.5,380.5,381.4,23300.0,351.655,0
2010-03-19,381.8,383.4,378.9,380.0,24600.0,350.364,0
2010-03-22,380.7,381.5,377.1,378.5,24300.0,348.981,0
2010-03-23,379.8,382.6,378.8,380.8,16100.0,351.102,0
2010-03-24,379.8,382.6,378.6,379.6,29500.0,349.995,0
2010-03-25,379.5,382.7,378.7,381.9,10100.0,352.116,0
2010-03-26,382.3,383.4,378.9,380.3,17300.0,350.641,0
2010-03-29,382.0,383.7,381.0,383.4,12400.0,353.499,0
2010-03-30,383.0,386.2,383.0,383.7,9600.0,353.776,0
2010-03-31,384.3,386.5,384.3,384.6,12700.0,354.605,0
2010-04-01,386.5,387.2,383.2,384.7,12700.0,354.698,0
2010-04-06,388.0,388.6,385.5,387.6,15900.0,357.371,0
2010-04-07,388.5,391.3,388.1,390.4,16500.0,359.953,0
2010-04-08,391.2,391.2,387.3,388.5,24100.0,358.201,0
2010-04-09,389.5,394.0,389.5,393.6,13300.0,362.903,0
2010-04-12,394.3,396.5,393.5,393.9,11300.0,363.18,0
2010-04-13,394.5,395.9,393.3,394.3,13400.0,363.549,0
2010-04-14,395.9,396.4,393.7,395.3,21800.0,364.471,0
2010-04-15,395.0,396.3,393.8,395.2,13700.0,364.379,0
2010-04-16,395.5,396.7,392.6,392.7,15800.0,362.074,0
2010-04-19,393.9,395.6,392.2,394.1,21700.0,363.364,0
2010-04-20,393.9,397.2,393.8,397.2,23800.0,366.223,0
2010-04-21,397.5,398.4,395.7,397.4,20000.0,366.407,0
2010-04-22,395.7,396.0,385.8,390.2,25700.0,359.769,0
2010-04-23,390.9,394.1,388.9,392.6,17300.0,361.981,0
2010-04-26,395.5,395.5,392.4,393.3,13400.0,362.627,0
2010-04-27,394.7,394.7,385.6,386.1,45300.0,355.988,0
2010-04-28,386.0,386.0,380.8,383.6,27800.0,353.683,0
2010-04-29,362.5,367.2,362.4,365.3,40500.0,336.81,0
2010-04-30,367.5,369.6,365.4,366.4,15500.0,337.825,0
2010-05-04,365.0,368.5,361.8,362.3,22300.0,334.044,0
2010-05-05,365.0,368.5,361.8,365.7,57900.0,337.179,0
2010-05-06,365.0,374.7,361.8,371.2,104000.0,342.25,0
2010-05-07,365.0,374.7,361.8,366.7,137600.0,338.101,0
2010-05-10,365.0,374.7,360.2,368.0,199400.0,339.3,0
2010-05-11,367.1,373.9,366.2,372.0,25600.0,342.988,0
2010-05-14,367.1,378.4,366.2,372.5,81500.0,343.449,0
2010-05-18,367.1,378.4,366.2,373.8,125300.0,344.648,0
2010-05-19,370.2,372.8,368.0,368.7,26900.0,339.945,0
2010-05-20,370.2,372.8,363.5,365.4,54500.0,336.903,0
2010-05-21,370.2,372.8,361.3,364.8,82500.0,336.349,0
2010-05-25,370.2,372.8,357.2,357.2,135300.0,329.342,0
2010-05-26,361.0,366.8,360.1,366.3,26500.0,337.732,0
2010-05-27,361.0,367.0,360.1,366.6,48500.0,338.009,0
2010-05-28,368.6,371.3,366.3,370.2,28700.0,341.328,0
2010-06-01,369.6,370.7,364.7,368.6,22700.0,339.853,0
2010-06-02,368.2,371.5,367.4,370.8,17300.0,341.882,0
2010-06-04,374.0,380.3,370.1,370.5,21400.0,341.605,0
2010-06-07,368.9,371.8,366.1,367.2,19100.0,338.562,0
2010-06-08,368.2,368.4,363.6,364.8,23600.0,336.349,0
2010-06-09,367.0,368.5,364.7,368.1,28400.0,339.392,0
2010-06-10,367.9,374.4,367.6,373.5,25000.0,344.371,0
2010-06-11,374.5,374.5,369.4,370.8,29000.0,341.882,0
2010-06-14,373.9,374.4,371.8,373.4,18500.0,344.279,0
2010-06-15,372.8,377.0,371.8,376.1,15200.0,346.768,0
2010-06-16,377.3,378.2,374.6,376.3,17400.0,346.953,0
2010-06-17,376.2,378.0,375.2,375.5,19800.0,346.215,0
2010-06-18,377.9,378.7,375.1,375.3,16300.0,346.031,0
2010-06-21,378.0,378.0,374.5,375.0,18100.0,345.754,0
2010-06-22,375.4,376.3,372.8,373.3,15200.0,344.187,0
2010-06-23,373.1,373.6,370.2,370.3,20900.0,341.421,0
2010-06-24,371.7,373.9,368.0,370.5,14000.0,341.605,0
2010-06-28,368.5,373.1,368.4,372.6,25800.0,343.541,0
2010-06-29,369.7,372.0,369.0,370.0,23700.0,341.144,0
2010-06-30,369.0,371.2,366.4,367.1,34400.0,338.47,0
2010-07-01,365.0,366.5,363.0,366.3,43400.0,337.732,0
2010-07-02,367.1,371.2,364.0,366.8,36700.0,338.193,0
2010-07-05,367.1,376.8,364.0,373.7,72100.0,344.555,0
2010-07-06,374.3,379.6,373.9,378.6,26800.0,349.073,0
2010-07-07,375.2,382.1,374.6,380.1,27300.0,350.456,0
2010-07-08,381.2,382.7,380.2,381.6,22300.0,351.839,0
2010-07-09,383.3,385.2,382.0,385.2,18900.0,355.159,0
2010-07-12,386.9,388.2,385.0,387.3,21300.0,357.095,0
2010-07-13,387.55,392.9,387.0,392.6,22700.0,361.981,0
2010-07-14,393.5,393.5,389.2,392.2,21700.0,361.613,0
2010-07-15,392.1,394.9,391.3,393.9,26200.0,363.18,0
2010-07-16,394.1,395.0,390.0,390.9,23800.0,360.414,0
2010-07-19,391.3,394.3,387.6,391.1,20500.0,360.598,0
2010-07-20,392.5,392.5,385.1,386.2,36000.0,356.081,0
2010-07-21,388.9,390.6,386.6,387.9,32200.0,357.648,0
2010-07-22,388.4,393.5,387.1,393.2,20900.0,362.535,0
2010-07-23,393.0,394.4,391.1,393.1,16200.0,362.442,0
2010-07-26,393.5,393.9,391.9,393.2,16300.0,362.535,0
2010-07-27,394.3,394.6,392.0,392.0,15300.0,361.428,0
2010-07-28,394.1,395.0,390.3,391.0,20300.0,360.506,0
2010-07-29,390.15,394.9,390.15,392.7,15000.0,362.074,0
2010-07-30,392.0,394.4,388.0,391.4,24400.0,360.875,0
2010-08-02,391.4,396.9,391.1,395.3,16600.0,364.471,0
2010-08-03,395.1,396.6,392.3,395.5,13700.0,364.655,0
2010-08-04,392.0,393.5,388.8,392.4,17200.0,361.797,0
2010-08-05,391.3,392.6,386.5,387.9,23100.0,357.648,0
2010-08-06,387.9,389.5,383.9,385.3,23900.0,355.251,0
2010-08-09,388.4,389.7,384.9,388.6,8400.0,358.293,0
2010-08-10,386.4,389.3,385.5,388.0,11600.0,357.74,0
2010-08-11,386.0,389.8,384.3,384.7,12000.0,354.698,0
2010-08-12,383.9,389.2,383.9,386.7,18900.0,356.542,0
2010-08-13,388.6,389.0,386.2,388.0,7100.0,357.74,0
2010-08-16,388.8,389.0,385.4,387.3,8200.0,357.095,0
2010-08-17,388.1,392.8,387.6,392.3,24400.0,361.705,0
2010-08-18,391.4,392.4,389.5,392.1,7000.0,361.52,0
2010-08-19,393.7,393.7,388.4,389.5,16900.0,359.123,0
2010-08-20,390.0,390.5,384.6,384.9,18000.0,354.882,0
2010-08-23,387.5,391.1,386.1,389.0,15500.0,358.662,0
2010-08-24,386.9,390.5,386.9,390.5,14000.0,360.045,0
2010-08-25,389.3,390.5,387.3,390.2,19800.0,359.769,0
2010-08-26,391.0,391.8,389.7,390.2,11100.0,359.769,0
2010-08-27,390.1,394.9,390.1,394.6,20900.0,363.825,0
2010-08-31,391.8,394.9,391.5,394.1,9800.0,363.364,0
2010-09-01,395.3,396.2,393.7,396.2,14900.0,365.301,0
2010-09-02,395.2,395.8,393.3,394.3,19700.0,363.549,0
2010-09-03,395.1,397.8,394.2,395.8,15900.0,364.932,0
2010-09-07,396.6,398.6,396.0,396.9,8400.0,365.946,0
2010-09-08,396.8,398.3,394.6,397.1,16900.0,366.13,0
2010-09-09,396.2,396.2,388.9,391.1,38200.0,360.598,0
2010-09-14,394.9,395.1,392.8,394.7,9700.0,363.918,0
2010-09-15,395.9,396.3,392.9,394.3,11800.0,363.549,0
2010-09-16,394.5,395.2,393.1,393.7,11300.0,362.996,0
2010-09-17,394.3,396.1,391.5,392.8,14900.0,362.166,0
2010-09-20,394.1,396.6,393.7,395.8,9800.0,364.932,0
2010-09-21,394.6,398.0,394.6,397.1,14900.0,366.13,0
2010-09-22,396.7,396.7,392.6,394.0,11900.0,363.272,0
2010-09-23,394.8,394.8,391.5,393.1,20200.0,362.442,0
2010-09-24,393.0,395.7,390.6,394.95,20400.0,364.148,0
2010-09-27,394.2,395.9,393.8,395.2,10600.0,364.379,0
2010-09-28,394.4,396.5,393.0,396.1,25400.0,365.208,0
2010-09-29,394.4,398.0,393.0,396.0,49900.0,365.116,0
2010-09-30,396.0,398.4,394.2,396.5,16700.0,365.577,0
2010-10-01,395.1,398.0,394.6,396.8,15700.0,365.854,0
2010-10-04,396.4,397.6,395.1,396.1,13200.0,365.208,0
2010-10-05,395.5,399.5,395.4,398.5,12900.0,367.421,0
2010-10-06,399.4,399.4,396.9,397.8,12000.0,366.776,0
2010-10-07,398.5,399.6,396.8,397.5,25500.0,366.499,0
2010-10-08,398.0,398.6,396.1,398.0,13900.0,366.96,0
2010-10-11,398.9,399.9,397.9,398.5,12100.0,367.421,0
2010-10-12,397.7,397.9,394.1,395.8,14900.0,364.932,0
2010-10-13,396.6,398.0,395.0,396.5,22100.0,365.577,0
2010-10-14,396.5,399.3,395.3,396.4,22500.0,365.485,0
2010-10-15,397.8,398.2,394.3,395.4,12300.0,364.563,0
2010-10-18,396.2,397.6,394.5,396.8,14100.0,365.854,0
2010-10-19,395.5,396.6,394.5,395.2,25400.0,364.379,0
2010-10-20,395.0,395.65,393.6,394.8,24000.0,364.01,0
2010-10-21,394.4,398.6,393.9,397.5,16900.0,366.499,0
2010-10-22,397.2,397.6,396.4,397.2,8900.0,366.223,0
2010-10-25,396.5,398.9,396.5,398.2,8300.0,367.145,0
2010-10-27,401.9,403.5,388.8,402.6,38400.0,371.201,0
2010-10-28,404.0,411.1,404.0,408.9,47300.0,377.01,0
2010-10-29,407.4,411.2,407.4,410.2,21900.0,378.209,0
2010-11-02,412.0,414.8,411.8,413.8,13900.0,381.528,0
2010-11-03,414.9,415.0,410.6,411.1,15000.0,379.039,0
2010-11-04,414.6,415.2,410.1,411.3,23100.0,379.223,0
2010-11-08,410.0,413.4,408.1,412.3,17500.0,380.145,0
2010-11-09,414.3,421.9,414.3,420.0,26800.0,387.244,0
2010-11-10,419.1,424.0,418.9,421.2,20800.0,388.351,0
2010-11-11,421.0,421.3,418.4,418.9,28400.0,386.23,0
2010-11-12,416.2,418.7,415.5,417.3,15800.0,384.755,0
2010-11-15,416.6,418.2,414.2,416.5,17700.0,384.017,0
2010-11-16,416.0,417.0,414.1,415.1,9800.0,382.727,0
2010-11-17,413.2,414.9,412.4,413.6,10600.0,381.344,0
2010-11-18,414.6,420.9,414.2,420.2,12500.0,387.429,0
2010-11-19,420.8,422.1,419.3,419.9,12700.0,387.152,0
2010-11-22,422.7,422.8,418.0,418.5,7000.0,385.861,0
2010-11-23,417.4,418.9,412.8,413.1,9000.0,380.883,0
2010-11-24,413.5,415.5,412.4,413.9,12800.0,381.62,0
2010-11-25,412.1,419.3,412.1,417.1,20900.0,384.571,0
2010-11-26,417.0,419.7,415.2,419.7,13000.0,386.968,0
2010-11-29,419.5,421.8,414.7,415.1,12500.0,382.727,0
2010-11-30,414.5,415.6,409.4,409.9,19200.0,377.932,0
2010-12-01,411.0,411.2,408.6,410.5,27700.0,378.485,0
2010-12-02,412.2,412.5,408.5,411.7,27300.0,379.592,0
2010-12-03,412.3,414.0,410.4,413.8,22500.0,381.528,0
2010-12-07,413.0,416.0,412.7,413.5,13400.0,381.251,0
2010-12-09,419.0,421.7,417.5,418.7,24700.0,386.046,0
2010-12-10,419.6,420.4,418.1,418.4,17200.0,385.769,0
2010-12-13,420.1,421.2,418.1,420.4,32200.0,387.613,0
2010-12-14,420.8,420.8,415.0,416.7,12100.0,384.202,0
2010-12-15,416.7,417.8,414.6,416.5,16800.0,384.017,0
2010-12-16,416.1,416.8,411.1,413.5,21500.0,381.251,0
2010-12-17,414.0,414.0,410.7,411.9,12600.0,379.776,0
2010-12-20,413.0,415.0,412.4,413.9,8000.0,381.62,0
2010-12-21,414.0,417.6,413.2,414.3,10400.0,381.989,0
2010-12-22,416.8,417.0,412.3,415.7,8900.0,383.28,0
2010-12-23,416.7,418.0,415.8,417.9,16200.0,385.308,0
2010-12-27,418.4,419.1,414.9,416.3,4000.0,383.833,0
2010-12-29,416.8,418.0,415.5,416.8,9700.0,384.294,0
2010-12-30,416.8,418.0,411.3,411.4,17600.0,379.315,0
2011-01-04,413.0,417.2,412.6,415.3,11200.0,382.911,0
2011-01-07,418.8,428.8,415.5,428.8,28300.0,395.358,0
2011-01-10,415.9,416.8,411.2,411.2,23300.0,379.131,0
2011-01-11,413.1,415.7,411.6,414.8,16000.0,382.45,0
2011-01-12,415.2,415.8,413.5,413.5,19100.0,381.251,0
2011-01-13,415.2,416.3,411.1,411.5,17800.0,379.407,0
2011-01-14,412.0,412.4,410.0,410.7,9900.0,378.67,0
2011-01-17,411.5,415.4,411.5,412.9,15100.0,380.698,0
2011-01-18,414.9,417.0,414.3,416.1,9000.0,383.649,0
2011-01-19,416.0,416.9,412.8,413.9,21900.0,381.62,0
2011-01-20,413.5,414.4,410.1,412.9,19700.0,380.698,0
2011-01-21,412.6,416.5,412.2,415.4,12100.0,383.003,0
2011-01-24,415.0,417.2,414.2,416.3,10000.0,383.833,0
2011-01-25,416.6,418.4,414.8,414.8,13200.0,382.45,0
2011-01-26,416.6,419.4,416.4,417.5,27500.0,384.939,0
2011-01-27,416.1,419.9,416.0,418.4,18700.0,385.769,0
2011-01-28,418.1,429.1,417.5,418.5,14400.0,385.861,0
2011-01-31,417.9,419.8,416.3,417.3,18100.0,384.755,0
2011-02-01,418.5,423.5,416.8,422.7,10900.0,389.734,0
2011-02-02,422.8,424.1,422.2,423.9,10200.0,390.84,0
2011-02-03,424.5,426.4,423.7,425.3,14600.0,392.131,0
2011-02-04,427.2,430.4,426.5,428.4,14600.0,394.989,0
2011-02-07,430.6,431.8,428.3,429.2,20900.0,395.727,0
2011-02-08,430.0,431.4,428.0,431.3,17600.0,397.663,0
2011-02-09,431.9,432.8,430.5,431.4,13200.0,397.755,0
2011-02-10,432.3,433.4,427.2,427.8,15100.0,394.436,0
2011-02-11,429.9,432.8,429.2,432.0,15500.0,398.309,0
2011-02-14,431.2,431.6,428.7,429.2,11100.0,395.727,0
2011-02-15,428.2,429.5,426.7,428.7,16300.0,395.266,0
2011-02-16,428.2,433.5,426.7,433.5,31800.0,399.692,0
2011-02-17,425.0,426.3,412.4,414.5,31000.0,382.173,0
2011-02-18,415.6,417.2,414.2,414.7,19000.0,382.358,0
2011-02-21,416.5,416.5,409.85,410.2,35700.0,378.209,0
2011-02-22,410.5,410.8,406.4,406.6,23300.0,374.89,0
2011-02-23,406.1,407.35,404.0,405.5,26700.0,373.875,0
2011-02-24,404.1,405.5,401.8,404.0,27000.0,372.492,0
2011-02-25,405.5,409.3,402.3,408.8,19200.0,376.918,0
2011-02-28,407.0,411.8,406.1,411.4,13700.0,379.315,0
2011-03-01,411.6,414.5,410.4,411.3,24200.0,379.223,0
2011-03-02,410.6,411.2,409.2,409.9,16700.0,377.932,0
2011-03-03,410.6,422.2,409.7,411.6,18700.0,379.5,0
2011-03-04,410.9,415.3,410.7,412.0,22000.0,379.868,0
2011-03-07,411.1,411.3,408.4,408.9,24300.0,377.01,0
2011-03-08,409.9,412.5,409.3,412.0,30200.0,379.868,0
2011-03-09,411.9,412.4,409.8,410.7,23400.0,378.67,0
2011-03-10,409.5,424.2,408.8,410.2,26700.0,378.209,0
2011-03-11,409.5,410.5,407.7,407.9,16600.0,376.088,0
2011-03-14,406.5,406.5,401.5,402.4,24000.0,371.017,0
2011-03-15,399.0,400.2,388.5,392.6,37800.0,361.981,0
2011-03-16,394.1,397.9,387.3,387.5,41100.0,357.279,0
2011-03-17,392.0,395.6,391.7,394.4,40000.0,363.641,0
2011-03-18,394.2,395.6,392.1,394.2,24200.0,363.457,0
2011-03-21,399.8,401.2,398.7,400.6,25900.0,369.357,0
2011-03-22,402.7,403.6,399.3,400.8,26900.0,369.542,0
2011-03-23,400.9,403.9,400.9,403.0,14900.0,371.57,0
2011-03-24,403.0,406.0,402.5,404.4,23600.0,372.861,0
2011-03-25,405.9,407.7,405.1,405.4,10900.0,373.783,0
2011-03-28,404.8,408.8,403.7,407.7,10600.0,375.904,0
2011-03-29,409.3,409.4,407.0,408.8,16500.0,376.918,0
2011-03-30,409.8,412.5,409.8,411.3,19500.0,379.223,0
2011-03-31,410.6,412.5,410.0,410.9,11000.0,378.854,0
2011-04-01,411.0,415.5,410.4,414.7,17000.0,382.358,0
2011-04-04,416.0,417.0,415.2,415.5,12000.0,383.095,0
2011-04-05,415.2,415.2,411.2,411.2,12700.0,379.131,0
2011-04-06,412.9,413.1,410.0,410.1,27100.0,378.117,0
2011-04-07,410.4,413.1,409.5,410.8,19700.0,378.762,0
2011-04-08,412.2,413.3,410.5,410.8,17200.0,378.762,0
2011-04-11,409.4,410.9,407.6,407.9,31100.0,376.088,0
2011-04-12,405.1,408.4,403.9,404.0,28600.0,372.492,0
2011-04-13,406.7,408.9,405.5,407.5,22500.0,375.719,0
2011-04-14,406.2,408.0,405.2,407.3,28000.0,375.535,0
2011-04-15,407.3,411.6,407.0,410.9,23100.0,378.854,0
2011-04-18,411.5,413.9,408.3,409.5,34300.0,377.563,0
2011-04-19,410.5,410.5,406.6,407.1,30900.0,375.351,0
2011-04-26,387.8,393.7,387.8,393.1,48900.0,362.442,0
2011-04-27,395.0,395.0,393.2,393.6,18500.0,362.903,0
2011-04-28,395.5,397.4,395.4,395.6,21000.0,364.747,0
2011-04-29,395.5,398.8,395.5,398.1,9400.0,367.052,0
2011-05-03,398.4,398.7,396.2,397.2,10400.0,366.223,0
2011-05-04,397.0,398.1,394.3,396.3,22200.0,365.393,0
2011-05-05,396.8,398.1,392.3,393.7,18900.0,362.996,0
2011-05-06,394.8,395.3,392.0,393.9,20200.0,363.18,0
2011-05-09,394.8,395.7,391.4,392.0,15000.0,361.428,0
2011-05-10,393.5,395.8,393.1,395.6,9800.0,364.747,0
2011-05-11,397.0,398.1,396.3,398.1,13500.0,367.052,0
2011-05-12,396.5,397.6,395.4,397.0,12500.0,366.038,0
2011-05-13,398.5,399.7,397.0,397.0,14400.0,366.038,0
2011-05-16,398.5,399.7,393.1,394.5,27000.0,363.733,0
2011-05-18,393.7,395.5,393.4,394.4,8000.0,363.641,0
2011-05-19,396.7,398.9,395.2,396.5,11200.0,365.577,0
2011-05-23,393.1,408.7,391.4,391.9,18200.0,361.336,0
2011-05-24,391.1,392.3,389.2,390.5,21400.0,360.045,0
2011-05-25,389.4,392.8,389.4,392.0,26700.0,361.428,0
2011-05-26,392.5,393.3,389.3,389.3,18200.0,358.939,0
2011-05-27,392.8,393.4,390.2,390.7,16800.0,360.23,0
2011-05-31,393.0,393.8,391.7,392.4,18900.0,361.797,0
2011-06-03,387.6,389.3,386.5,388.3,15300.0,358.017,0
2011-06-07,388.6,391.2,388.1,389.7,11900.0,359.308,0
2011-06-08,388.7,390.0,387.6,387.6,20200.0,357.371,0
2011-06-09,387.1,388.9,385.8,386.5,11400.0,356.357,0
2011-06-10,386.4,388.2,385.3,386.0,8800.0,355.896,0
2011-06-14,389.7,390.8,389.3,390.4,12200.0,359.953,0
2011-06-15,390.4,391.0,388.0,388.3,9000.0,358.017,0
2011-06-16,388.2,388.3,385.8,386.0,13400.0,355.896,0
2011-06-17,386.1,386.9,383.4,384.8,13700.0,354.79,0
2011-06-20,382.7,384.4,380.9,384.2,14800.0,354.237,0
2011-06-21,383.7,385.4,383.1,385.0,9900.0,354.974,0
2011-06-22,385.9,385.9,382.5,383.5,19500.0,353.591,0
2011-06-27,377.4,378.6,376.4,378.0,8900.0,348.52,0
2011-06-28,376.8,377.9,374.9,375.0,13300.0,345.754,0
2011-06-29,376.4,381.0,376.4,379.9,16200.0,350.272,0
2011-06-30,380.0,385.9,380.0,384.7,12800.0,354.698,0
2011-07-01,386.0,386.2,383.9,384.2,12600.0,354.237,0
2011-07-04,385.5,385.5,384.0,385.3,10600.0,355.251,0
2011-07-05,390.0,390.2,385.7,386.1,15200.0,355.988,0
2011-07-06,385.7,385.8,381.7,382.1,18500.0,352.3,0
2011-07-07,383.0,385.5,381.8,385.5,12300.0,355.435,0
2011-07-08,385.6,387.4,382.0,382.7,13000.0,352.853,0
2011-07-11,383.1,383.8,376.7,378.0,15700.0,348.52,0
2011-07-12,375.4,377.5,372.6,376.2,39400.0,346.86,0
2011-07-13,375.4,378.6,372.6,377.6,63300.0,348.151,0
2011-07-14,376.0,378.4,375.1,377.1,15700.0,347.69,0
2011-07-15,376.3,376.4,373.4,375.0,20900.0,345.754,0
2011-07-18,374.0,374.2,371.3,371.7,15500.0,342.711,0
2011-07-19,372.9,375.6,372.4,375.2,22800.0,345.938,0
2011-07-20,377.6,377.6,374.6,377.3,19100.0,347.875,0
2011-07-21,378.9,382.8,377.0,382.3,20200.0,352.485,0
2011-07-22,383.9,384.0,379.6,379.9,27800.0,350.272,0
2011-07-25,380.4,380.4,376.5,378.0,15300.0,348.52,0
2011-07-26,378.2,382.5,378.0,381.8,20700.0,352.024,0
2011-07-27,380.4,382.4,378.9,379.8,31700.0,350.18,0
2011-07-28,378.1,382.5,378.0,382.4,45500.0,352.577,0
2011-07-29,380.4,381.6,376.7,380.4,27500.0,350.733,0
2011-08-02,377.6,377.6,373.0,373.1,32100.0,344.002,0
2011-08-03,371.2,379.8,370.4,374.9,59300.0,345.662,0
2011-08-04,376.8,378.0,376.8,378.0,400.0,348.52,0
2011-08-05,376.8,378.0,364.2,364.6,70100.0,336.165,0
2011-08-08,362.0,362.2,360.7,361.2,1300.0,333.03,0
2011-08-09,343.7,345.3,343.4,343.6,800.0,316.803,0
2011-08-10,359.4,360.4,358.9,359.3,900.0,331.278,0
2011-08-11,335.7,336.5,335.0,335.7,600.0,309.519,0
2011-08-12,340.6,346.5,340.4,346.1,2000.0,319.108,0
2011-08-16,356.1,356.5,352.2,355.1,27900.0,327.406,0
2011-08-17,353.2,354.6,346.5,353.5,35300.0,325.931,0
2011-08-18,353.2,354.6,341.6,345.3,79400.0,318.37,0
2011-08-19,338.5,338.9,336.3,336.9,1700.0,310.625,0
2011-08-22,338.5,349.8,338.1,345.4,28400.0,318.462,0
2011-08-23,347.9,356.6,347.6,352.0,43000.0,324.548,0
2011-08-24,355.8,357.2,352.0,355.9,35100.0,328.144,0
2011-08-25,357.9,359.1,352.0,353.9,25700.0,326.3,0
2011-08-26,352.2,352.2,344.1,350.9,25500.0,323.534,0
2011-08-30,357.5,357.9,354.8,356.6,17000.0,328.789,0
2011-08-31,357.9,363.9,357.0,360.2,23400.0,332.108,0
2011-09-01,361.9,365.3,359.6,363.0,20900.0,334.69,0
2011-09-02,359.5,360.1,352.5,354.7,14900.0,327.037,0
2011-09-05,359.5,360.1,347.1,350.2,42900.0,322.888,0
2011-09-06,348.9,355.6,348.1,353.1,69800.0,325.562,0
2011-09-07,358.9,362.1,355.8,359.8,28600.0,331.739,0
2011-09-08,358.9,366.8,355.8,366.8,61300.0,338.193,0
2011-09-09,365.2,370.7,365.1,366.1,39000.0,337.548,0
2011-09-12,360.8,361.8,355.6,358.3,36400.0,330.356,0
2011-09-13,360.8,361.5,354.6,357.1,38700.0,329.25,0
2011-09-14,360.7,362.1,360.7,354.5,400.0,326.853,0
2011-09-15,360.7,363.7,356.4,360.3,33200.0,332.2,0
2011-09-16,360.0,363.2,359.0,361.4,24000.0,333.215,0
2011-09-19,356.8,358.7,355.3,357.6,19900.0,329.711,0
2011-09-20,356.3,363.8,356.2,362.8,29600.0,334.505,0
2011-09-21,356.3,365.9,356.2,363.7,52300.0,335.335,0
2011-09-22,359.3,361.2,355.1,355.6,29500.0,327.867,0
2011-09-23,354.6,355.2,354.6,354.9,400.0,327.222,0
2011-09-26,360.4,361.5,360.4,361.5,300.0,333.307,0
2011-09-27,360.4,372.9,360.4,371.5,25600.0,342.527,0
2011-09-28,370.4,372.4,367.0,368.6,29800.0,339.853,0
2011-09-29,368.2,369.6,368.1,368.8,400.0,340.038,0
2011-09-30,368.2,372.3,367.1,369.4,20400.0,340.591,0
2011-10-03,368.2,372.3,364.3,369.2,44600.0,340.406,0
2011-10-04,365.8,366.0,365.1,365.5,300.0,336.995,0
2011-10-05,366.8,367.5,366.8,366.8,500.0,338.193,0
2011-10-06,366.8,373.2,366.8,372.5,24600.0,343.449,0
2011-10-07,373.5,374.9,370.8,372.0,24100.0,342.988,0
2011-10-10,373.9,377.3,372.3,377.3,17200.0,347.875,0
2011-10-11,373.9,377.3,370.1,371.5,37200.0,342.527,0
2011-10-12,371.4,374.0,367.0,369.8,32500.0,340.96,0
2011-10-13,371.0,371.4,370.3,371.0,800.0,342.066,0
2011-10-14,371.0,373.0,369.5,372.2,18900.0,343.172,0
2011-10-17,372.9,372.9,370.5,370.8,10800.0,341.882,0
2011-10-18,371.0,371.0,365.2,365.6,24500.0,337.087,0
2011-10-19,367.8,368.4,364.7,366.1,29700.0,337.548,0
2011-10-20,367.8,368.4,362.6,362.8,47300.0,334.505,0
2011-10-21,363.9,369.6,362.6,369.1,15700.0,340.314,0
2011-10-24,370.9,371.0,366.5,370.1,17600.0,341.236,0
2011-10-25,367.0,367.0,357.6,357.6,60500.0,329.711,0
2011-10-27,363.5,364.8,360.4,363.1,38900.0,334.782,0
2011-10-28,362.6,364.8,358.3,358.5,31500.0,330.541,0
2011-10-31,358.0,359.4,356.6,356.8,35000.0,328.973,0
2011-11-01,352.1,353.1,345.6,347.5,43600.0,320.399,0
2011-11-02,349.0,349.9,345.3,349.0,39000.0,321.782,0
2011-11-03,347.4,351.9,346.3,351.6,40900.0,324.179,0
2011-11-07,352.7,354.3,347.5,349.1,88200.0,321.874,0
2011-11-08,352.7,354.3,347.5,351.2,116800.0,323.81,0
2011-11-09,353.3,353.3,346.8,348.6,42800.0,321.413,0
2011-11-10,353.3,353.3,345.1,346.9,68300.0,319.845,0
2011-11-11,347.3,349.2,345.3,348.2,52000.0,321.044,0
2011-11-14,348.2,350.8,347.3,348.1,35400.0,320.952,0
2011-11-15,346.8,347.7,343.9,345.7,30300.0,318.739,0
2011-11-16,344.5,348.8,344.4,347.3,23100.0,320.214,0
2011-11-17,345.4,346.4,341.8,343.9,30600.0,317.079,0
2011-11-18,341.2,344.4,340.1,340.4,35600.0,313.852,0
2011-11-21,340.1,340.1,334.0,335.7,54500.0,309.519,0
2011-11-22,340.1,340.1,334.0,336.8,100700.0,310.533,0
2011-11-23,340.1,340.1,333.7,335.0,145600.0,308.874,0
2011-11-24,334.4,335.8,328.4,329.8,40500.0,304.079,0
2011-11-25,329.8,333.7,328.1,331.8,33600.0,305.923,0
2011-11-28,334.3,337.7,333.2,336.3,39500.0,310.072,0
2011-11-29,335.9,336.1,333.4,335.6,50000.0,309.427,0
2011-11-30,334.1,343.5,332.4,343.2,44400.0,316.434,0
2011-12-01,344.4,344.5,340.2,342.7,37100.0,315.973,0
2011-12-02,344.4,346.6,340.0,340.5,70400.0,313.945,0
2011-12-05,344.6,344.6,340.3,342.4,35400.0,315.696,0
2011-12-06,342.4,342.4,342.4,342.4,0.0,315.696,0
2011-12-07,344.1,345.1,339.4,340.6,28200.0,314.037,0
2011-12-08,340.6,340.6,340.6,340.6,0.0,314.037,0
2011-12-09,343.7,346.3,340.4,344.3,75800.0,317.448,0
2011-12-12,344.1,345.5,342.4,343.2,19400.0,316.434,0
2011-12-13,344.7,348.0,344.6,346.5,25400.0,319.477,0
2011-12-14,340.1,347.6,339.7,347.1,45900.0,320.03,0
2011-12-15,347.7,347.7,343.6,344.1,27900.0,317.264,0
2011-12-16,347.7,347.7,342.0,344.1,56400.0,317.264,0
2011-12-19,342.9,344.5,340.9,341.5,24100.0,314.867,0
2011-12-20,344.1,347.9,342.6,347.6,37000.0,320.491,0
2011-12-21,349.3,349.8,343.3,345.2,25600.0,318.278,0
2011-12-22,347.0,348.0,344.2,346.1,14200.0,319.108,0
2011-12-23,346.1,346.1,346.1,346.1,0.0,319.108,0
2011-12-26,346.1,346.1,346.1,346.1,0.0,319.108,0
2011-12-27,346.1,346.1,346.1,346.1,0.0,319.108,0
2011-12-28,347.3,350.5,346.9,349.4,11300.0,322.151,0
2011-12-29,349.7,350.7,346.0,349.2,9600.0,321.966,0
2011-12-30,349.2,349.2,349.2,349.2,0.0,321.966,0
2012-01-02,349.2,349.2,349.2,349.2,0.0,321.966,0
2012-01-03,361.0,361.8,356.1,359.7,24200.0,331.647,0
2012-01-04,360.8,360.9,358.1,358.1,18300.0,330.172,0
2012-01-05,358.1,358.1,358.1,358.1,0.0,330.172,0
2012-01-06,358.1,358.1,358.1,358.1,0.0,330.172,0
2012-01-09,354.0,355.9,350.9,351.1,16100.0,323.718,0
2012-01-10,353.4,357.4,352.5,356.7,24600.0,328.881,0
2012-01-11,357.4,358.5,353.3,354.2,14900.0,326.576,0
2012-01-12,358.4,360.2,355.3,357.9,19300.0,329.988,0
2012-01-13,358.0,359.0,353.6,356.2,16400.0,328.42,0
2012-01-16,354.9,359.2,354.9,359.2,20200.0,331.186,0
2012-01-17,359.3,362.1,358.9,361.2,19700.0,333.03,0
2012-01-18,363.5,366.0,360.8,364.5,39400.0,336.073,0
2012-01-19,366.9,368.1,364.1,366.5,31100.0,337.917,0
2012-01-20,368.0,369.7,367.1,368.3,32000.0,339.577,0
2012-01-23,367.9,368.7,365.0,367.2,21300.0,338.562,0
2012-01-24,367.5,368.4,359.5,359.7,27900.0,331.647,0
2012-01-25,361.0,361.4,356.6,359.0,24900.0,331.002,0
2012-01-26,361.0,363.2,359.6,362.7,30800.0,334.413,0
2012-01-27,362.3,365.0,362.2,363.5,25900.0,335.151,0
2012-01-30,362.2,364.3,361.6,363.3,25400.0,334.966,0
2012-01-31,362.2,365.4,361.6,362.6,54400.0,334.321,0
2012-02-01,362.2,369.1,361.6,368.6,87000.0,339.853,0
2012-02-02,369.1,369.1,366.1,367.9,34900.0,339.208,0
2012-02-03,369.1,371.7,368.0,371.0,26500.0,342.066,0
2012-02-06,372.0,373.8,370.0,373.6,23000.0,344.463,0
2012-02-07,372.0,376.0,370.0,375.5,73900.0,346.215,0
2012-02-08,375.1,377.5,372.1,374.2,35400.0,345.016,0
2012-02-09,374.0,374.5,368.2,370.8,52200.0,341.882,0
2012-02-10,370.9,371.0,362.0,364.6,65800.0,336.165,0
2012-02-13,366.4,370.4,365.8,370.1,26100.0,341.236,0
2012-02-14,370.2,371.4,366.9,367.6,39700.0,338.931,0
2012-02-15,358.1,361.5,354.6,360.0,79900.0,331.924,0
2012-02-16,359.3,361.8,358.3,360.3,37800.0,332.2,0
2012-02-17,362.5,363.8,360.5,363.5,31100.0,335.151,0
2012-02-20,364.1,365.4,363.2,363.5,24100.0,335.151,0
2012-02-21,363.7,365.8,363.4,364.9,34500.0,336.442,0
2012-02-22,365.0,365.9,359.5,361.1,18900.0,332.938,0
2012-02-23,361.6,362.2,358.6,360.3,34700.0,332.2,0
2012-02-24,361.6,364.5,358.6,362.2,55900.0,333.952,0
2012-02-27,361.2,364.8,360.3,363.5,25500.0,335.151,0
2012-02-28,361.2,364.8,360.3,361.9,58900.0,333.676,0
2012-02-29,362.4,363.0,360.1,361.3,40900.0,333.122,0
2012-03-01,361.1,361.8,355.5,356.6,93200.0,328.789,0
2012-03-02,358.1,358.1,353.6,356.5,71800.0,328.697,0
2012-03-05,356.5,357.2,353.3,355.3,63900.0,327.59,0
2012-03-06,355.2,355.9,351.3,351.8,29600.0,324.363,0
2012-03-07,351.3,355.2,350.6,354.0,35100.0,326.392,0
2012-03-08,352.6,354.3,350.7,351.8,71800.0,324.363,0
2012-03-09,352.3,356.0,351.5,353.5,48200.0,325.931,0
2012-03-12,352.9,353.3,351.3,353.3,26600.0,325.746,0
2012-03-13,354.8,356.7,354.0,356.0,32000.0,328.236,0
2012-03-14,357.2,361.5,357.0,360.2,37900.0,332.108,0
2012-03-15,359.8,361.2,357.3,358.5,91700.0,330.541,0
2012-03-16,358.5,362.2,358.4,361.4,49300.0,333.215,0
2012-03-19,361.6,364.5,361.2,364.5,68500.0,336.073,0
2012-03-20,362.1,363.9,359.4,363.7,34700.0,335.335,0
2012-03-21,364.1,364.7,361.6,362.2,24200.0,333.952,0
2012-03-22,361.7,363.3,358.9,361.9,25900.0,333.676,0
2012-03-23,362.8,363.3,360.5,362.6,26400.0,334.321,0
2012-03-26,363.1,363.7,360.35,363.0,24700.0,334.69,0
2012-03-27,363.6,365.0,362.4,363.7,34400.0,335.335,0
2012-03-28,363.9,364.6,361.6,362.9,25300.0,334.598,0
2012-03-29,362.1,362.6,360.5,360.8,24500.0,332.661,0
2012-03-30,361.2,364.7,359.6,364.4,35300.0,335.981,0
2012-04-02,365.7,368.1,362.4,367.9,30700.0,339.208,0
2012-04-03,365.7,369.9,362.4,369.1,60300.0,340.314,0
2012-04-04,369.1,369.1,369.1,369.1,0.0,340.314,0
2012-04-05,369.1,369.1,369.1,369.1,0.0,340.314,0
2012-04-06,369.1,369.1,369.1,369.1,0.0,340.314,0
2012-04-09,369.1,369.1,369.1,369.1,0.0,340.314,0
2012-04-10,343.7,343.7,340.6,340.7,28100.0,314.129,0
2012-04-11,339.9,340.8,336.5,338.0,54400.0,311.64,0
2012-04-12,336.5,339.95,334.3,339.5,23400.0,313.023,0
2012-04-13,338.7,339.6,335.5,336.7,14900.0,310.441,0
2012-04-16,335.5,338.8,335.5,337.7,28200.0,311.363,0
2012-04-17,337.3,339.5,336.3,339.1,26400.0,312.654,0
2012-04-18,337.3,339.5,335.5,336.4,50400.0,310.164,0
2012-04-19,337.3,337.4,335.2,337.0,34500.0,310.718,0
2012-04-20,337.4,339.7,336.4,339.5,21000.0,313.023,0
2012-04-23,338.8,339.4,335.8,337.6,31900.0,311.271,0
2012-04-24,338.9,346.25,336.8,340.2,40300.0,313.668,0
2012-04-25,341.5,344.6,341.5,342.7,14800.0,315.973,0
2012-04-26,344.5,344.6,339.3,339.4,38000.0,312.93,0
2012-04-27,339.3,339.3,336.7,338.3,47400.0,311.916,0
2012-04-30,338.3,338.3,338.3,338.3,0.0,311.916,0
2012-05-01,338.3,338.3,338.3,338.3,0.0,311.916,0
2012-05-02,343.0,353.9,341.6,352.3,49600.0,324.824,0
2012-05-03,354.1,356.5,352.3,353.2,46400.0,325.654,0
2012-05-04,353.2,353.2,353.2,353.2,0.0,325.654,0
2012-05-07,353.2,353.2,353.2,353.2,0.0,325.654,0
2012-05-08,358.8,363.5,358.8,362.1,45200.0,333.86,0
2012-05-09,362.1,363.0,357.3,361.3,53800.0,333.122,0
2012-05-10,361.1,363.5,360.9,362.0,38700.0,333.768,0
2012-05-11,360.2,362.3,358.5,361.6,22600.0,333.399,0
2012-05-14,360.2,362.0,355.6,356.0,25200.0,328.236,0
2012-05-15,354.6,357.4,353.8,354.1,33700.0,326.484,0
2012-05-16,354.1,354.1,354.1,354.1,0.0,326.484,0
2012-05-17,354.1,354.1,354.1,354.1,0.0,326.484,0
2012-05-18,354.1,354.1,354.1,354.1,0.0,326.484,0
2012-05-21,349.1,352.4,347.7,352.0,25500.0,324.548,0
2012-05-22,352.2,354.3,350.4,353.0,36800.0,325.47,0
2012-05-23,351.6,353.3,348.9,349.2,31300.0,321.966,0
2012-05-24,349.2,352.3,347.8,351.6,45000.0,324.179,0
2012-05-25,351.3,353.2,350.6,352.0,26000.0,324.548,0
2012-05-28,352.0,352.0,352.0,352.0,0.0,324.548,0
2012-05-29,353.4,354.1,349.9,350.5,23700.0,323.165,0
2012-05-30,350.0,352.3,349.1,351.5,40000.0,324.087,0
2012-05-31,350.8,353.4,350.5,351.7,34600.0,324.271,0
2012-06-01,353.9,353.9,349.6,351.5,34400.0,324.087,0
2012-06-04,351.5,351.5,351.5,351.5,0.0,324.087,0
2012-06-05,351.5,351.5,351.5,351.5,0.0,324.087,0
2012-06-06,351.5,351.5,351.5,351.5,0.0,324.087,0
2012-06-07,351.5,351.5,351.5,351.5,0.0,324.087,0
2012-06-08,350.0,355.2,349.3,355.2,18900.0,327.498,0
2012-06-11,356.9,358.2,355.3,355.7,24200.0,327.959,0
2012-06-12,355.4,358.7,355.4,358.5,31400.0,330.541,0
2012-06-13,358.6,362.0,357.2,360.6,39400.0,332.477,0
2012-06-14,361.8,367.4,361.3,367.3,43800.0,338.655,0
2012-06-15,369.7,369.9,365.7,368.3,38700.0,339.577,0
2012-06-18,369.3,369.3,365.5,367.4,21600.0,338.747,0
2012-06-19,368.3,375.2,367.9,375.2,31800.0,345.938,0
2012-06-20,373.7,374.05,370.7,370.8,42800.0,341.882,0
2012-06-21,370.9,371.9,367.5,370.55,33300.0,341.651,0
2012-06-22,370.55,370.55,370.55,370.55,0.0,341.651,0
2012-06-25,369.9,370.4,366.6,368.9,30700.0,340.13,0
2012-06-26,370.2,373.1,367.8,372.1,30900.0,343.08,0
2012-06-27,373.4,378.2,373.4,377.3,22000.0,347.875,0
2012-06-28,377.7,382.7,377.5,380.3,36600.0,350.641,0
2012-06-29,384.2,384.9,378.5,381.2,35700.0,351.47,0
2012-07-02,382.0,382.8,377.7,380.6,33400.0,350.917,0
2012-07-03,381.1,381.1,377.5,379.0,36700.0,349.442,0
2012-07-04,380.2,382.2,378.2,379.5,36100.0,349.903,0
2012-07-05,379.7,381.3,377.3,380.2,40300.0,350.548,0
2012-07-06,379.6,380.8,376.9,377.8,31600.0,348.336,0
2012-07-09,379.3,381.8,378.8,380.0,32500.0,350.364,0
2012-07-10,381.1,382.0,377.0,379.8,28200.0,350.18,0
2012-07-11,378.9,380.9,378.7,380.4,34800.0,350.733,0
2012-07-12,380.4,381.0,376.9,377.0,26700.0,347.598,0
2012-07-13,378.6,384.3,378.6,383.5,39300.0,353.591,0
2012-07-16,383.9,384.4,381.8,383.6,20600.0,353.683,0
2012-07-17,384.4,384.6,383.1,384.4,19400.0,354.421,0
2012-07-18,384.8,386.9,384.5,386.3,31400.0,356.173,0
2012-07-19,386.6,388.4,385.5,386.5,27700.0,356.357,0
2012-07-20,386.6,387.2,380.6,382.2,27800.0,352.392,0
2012-07-23,380.3,382.1,374.2,378.9,35300.0,349.35,0
2012-07-24,379.1,380.7,378.0,379.8,43100.0,350.18,0
2012-07-25,378.3,386.3,377.2,385.1,46400.0,355.066,0
2012-07-26,384.9,391.0,383.2,390.7,48400.0,360.23,0
2012-07-27,390.3,392.2,388.5,392.0,38800.0,361.428,0
2012-07-30,391.5,394.0,389.5,392.7,14400.0,362.074,0
2012-07-31,393.9,394.7,391.2,391.4,23500.0,360.875,0
2012-08-01,391.4,391.4,391.4,391.4,0.0,360.875,0
2012-08-02,393.0,396.5,388.9,391.3,32500.0,360.783,0
2012-08-03,390.8,392.4,387.0,391.1,17200.0,360.598,0
2012-08-06,390.5,394.7,388.8,394.5,16800.0,363.733,0
2012-08-07,387.2,392.8,386.0,392.6,47500.0,361.981,0
2012-08-08,388.8,392.0,386.5,391.3,37000.0,360.783,0
2012-08-09,390.4,391.8,388.5,391.0,52100.0,360.506,0
2012-08-10,389.8,392.8,389.6,392.8,20200.0,362.166,0
2012-08-13,392.1,395.0,391.7,393.7,27400.0,362.996,0
2012-08-14,394.3,396.7,393.3,395.2,26800.0,364.379,0
2012-08-15,395.2,395.2,395.2,395.2,0.0,364.379,0
2012-08-16,394.6,396.3,393.25,395.9,12800.0,365.024,0
2012-08-17,395.2,397.5,395.2,396.4,11100.0,365.485,0
2012-08-20,396.3,396.6,394.4,395.3,13700.0,364.471,0
2012-08-21,394.3,396.2,393.2,394.3,17700.0,363.549,0
2012-08-22,392.2,393.4,391.0,391.5,12800.0,360.967,0
2012-08-23,392.5,392.5,386.8,388.9,16600.0,358.57,0
2012-08-24,387.6,391.6,387.6,391.5,20100.0,360.967,0
2012-08-27,391.5,391.5,391.5,391.5,0.0,360.967,0
2012-08-28,394.3,395.0,391.1,392.6,38000.0,361.981,0
2012-08-29,392.1,392.6,390.5,391.5,16900.0,360.967,0
2012-08-30,391.3,392.5,386.3,386.3,20200.0,356.173,0
2012-08-31,386.5,388.0,384.3,384.3,53000.0,354.329,0
2012-09-03,382.1,386.2,382.1,385.7,23600.0,355.62,0
2012-09-04,385.6,387.9,384.6,386.1,16700.0,355.988,0
2012-09-05,384.9,386.7,382.8,385.9,23700.0,355.804,0
2012-09-06,386.2,389.8,384.8,389.1,26100.0,358.754,0
2012-09-07,390.9,392.2,384.1,384.3,33500.0,354.329,0
2012-09-10,384.5,384.5,381.0,382.1,22700.0,352.3,0
2012-09-11,383.1,384.3,376.3,384.1,24400.0,354.144,0
2012-09-12,384.1,387.0,383.9,386.5,19800.0,356.357,0
2012-09-13,386.6,386.9,382.9,386.7,23500.0,356.542,0
2012-09-14,389.5,389.9,384.3,384.3,28000.0,354.329,0
2012-09-17,384.3,384.3,379.8,380.6,25900.0,350.917,0
2012-09-18,379.0,381.6,376.8,380.5,21200.0,350.825,0
2012-09-19,379.8,379.9,377.6,379.4,23900.0,349.811,0
2012-09-20,377.7,383.2,377.7,381.7,30300.0,351.931,0
2012-09-21,382.2,382.7,379.6,381.7,20000.0,351.931,0
2012-09-24,381.5,382.5,380.0,381.5,14100.0,351.747,0
2012-09-25,381.3,384.3,379.4,384.2,17700.0,354.237,0
2012-09-26,380.7,383.8,380.5,380.6,15900.0,350.917,0
2012-09-27,381.4,385.5,380.6,383.2,19400.0,353.314,0
2012-09-28,384.1,384.9,378.9,379.3,25700.0,349.719,0
2012-10-01,378.2,380.3,377.7,379.9,28300.0,350.272,0
2012-10-02,378.9,383.7,378.6,382.1,23600.0,352.3,0
2012-10-03,382.2,386.2,381.2,384.0,24000.0,354.052,0
2012-10-04,385.0,385.0,381.7,383.4,25600.0,353.499,0
2012-10-05,384.0,388.2,383.3,388.2,24900.0,357.925,0
2012-10-08,386.9,387.0,383.55,383.9,13800.0,353.96,0
2012-10-09,383.9,383.9,381.1,382.9,17500.0,353.038,0
2012-10-10,383.4,384.3,382.4,383.2,20600.0,353.314,0
2012-10-11,383.3,384.2,380.9,382.4,14800.0,352.577,0
2012-10-12,382.4,383.2,380.7,382.3,10200.0,352.485,0
2012-10-15,382.6,383.7,381.3,382.9,9100.0,353.038,0
2012-10-16,385.4,386.9,383.4,386.0,9600.0,355.896,0
2012-10-17,387.1,388.8,385.9,388.8,15900.0,358.478,0
2012-10-18,390.1,390.6,386.2,388.1,15300.0,357.832,0
2012-10-19,387.7,389.4,386.4,386.7,8200.0,356.542,0
2012-10-22,388.8,388.8,385.0,385.2,14400.0,355.159,0
2012-10-23,385.2,385.3,380.3,381.1,13900.0,351.378,0
2012-10-24,381.4,384.0,380.9,383.1,14600.0,353.222,0
2012-10-25,382.5,384.9,382.3,383.1,32500.0,353.222,0
2012-10-26,383.1,383.1,383.1,383.1,0.0,353.222,0
2012-10-29,383.3,384.8,383.3,384.1,6200.0,354.144,0
2012-10-30,384.0,387.3,383.2,386.4,13800.0,356.265,0
2012-10-31,386.6,389.1,386.4,387.5,16900.0,357.279,0
2012-11-01,387.5,387.5,387.5,387.5,0.0,357.279,0
2012-11-02,387.5,387.5,387.5,387.5,0.0,357.279,0
2012-11-05,384.7,388.7,384.3,387.9,13100.0,357.648,0
2012-11-06,387.8,389.9,387.3,389.2,10600.0,358.847,0
2012-11-07,389.8,391.9,384.6,384.7,19700.0,354.698,0
2012-11-08,381.0,382.6,379.5,381.4,52500.0,351.655,0
2012-11-09,380.5,381.0,377.8,379.9,27800.0,350.272,0
2012-11-12,383.8,384.6,381.5,383.4,32700.0,353.499,0
2012-11-13,382.8,383.9,379.4,381.4,25000.0,351.655,0
2012-11-14,381.4,381.4,378.4,379.3,12200.0,349.719,0
2012-11-15,377.6,378.4,375.1,376.2,23200.0,346.86,0
2012-11-16,375.8,376.2,370.6,371.5,16100.0,342.527,0
2012-11-19,373.5,377.5,372.5,377.3,16700.0,347.875,0
2012-11-20,377.0,377.9,374.3,377.0,21500.0,347.598,0
2012-11-21,376.4,381.1,376.3,380.3,15500.0,350.641,0
2012-11-22,380.9,383.0,379.4,382.5,15400.0,352.669,0
2012-11-23,382.7,384.4,381.5,384.1,10200.0,354.144,0
2012-11-26,383.9,385.5,383.7,384.4,14600.0,354.421,0
2012-11-27,384.5,384.9,381.5,382.8,25300.0,352.946,0
2012-11-28,383.1,385.5,382.3,385.3,15100.0,355.251,0
2012-11-29,387.0,392.2,386.3,392.2,19000.0,361.613,0
2012-11-30,391.0,391.5,389.75,390.6,12300.0,360.137,0
2012-12-03,390.2,391.2,388.6,390.3,17000.0,359.861,0
2012-12-04,390.9,391.3,389.7,390.6,8100.0,360.137,0
2012-12-05,391.3,392.0,389.7,391.9,14400.0,361.336,0
2012-12-06,391.9,391.9,391.9,391.9,0.0,361.336,0
2012-12-07,391.7,395.25,390.7,392.6,23400.0,361.981,0
2012-12-10,391.7,395.25,390.7,392.2,34500.0,361.613,0
2012-12-11,393.2,396.95,392.5,395.7,28500.0,364.84,0
2012-12-12,395.0,397.5,394.6,394.6,23100.0,363.825,0
2012-12-13,395.0,397.5,394.2,395.7,38100.0,364.84,0
2012-12-14,395.0,397.5,394.2,396.2,54500.0,365.301,0
2012-12-17,395.0,398.5,393.5,397.8,85500.0,366.776,0
2012-12-18,398.3,400.0,396.9,398.0,20500.0,366.96,0
2012-12-19,398.6,399.6,397.2,398.0,21100.0,366.96,0
2012-12-20,398.6,399.6,395.6,395.9,37600.0,365.024,0
2012-12-21,396.9,397.8,395.5,397.8,18800.0,366.776,0
2012-12-24,397.8,397.8,397.8,397.8,0.0,366.776,0
2012-12-25,397.8,397.8,397.8,397.8,0.0,366.776,0
2012-12-26,397.8,397.8,397.8,397.8,0.0,366.776,0
2012-12-27,396.9,399.9,395.5,397.1,30900.0,366.13,0
2012-12-28,396.9,399.9,394.1,394.2,43200.0,363.457,0
2012-12-31,394.2,394.2,394.2,394.2,0.0,363.457,0
2013-01-01,394.2,394.2,394.2,394.2,0.0,363.457,0
2013-01-02,394.2,394.2,394.2,394.2,0.0,363.457,0
2013-01-03,398.9,402.0,397.8,401.9,16600.0,370.556,0
2013-01-04,398.9,403.4,397.8,403.0,31400.0,371.57,0
2013-01-07,398.9,408.9,397.8,405.5,59200.0,373.875,0
2013-01-08,405.5,406.9,404.1,404.1,20100.0,372.585,0
2013-01-09,405.5,410.5,405.0,408.7,37900.0,376.826,0
2013-01-10,409.5,410.8,407.7,408.4,22000.0,376.549,0
2013-01-11,409.5,410.8,406.6,408.1,42700.0,376.273,0
2013-01-14,409.5,410.8,406.6,407.15,55700.0,375.397,0
2013-01-15,409.5,410.8,403.1,403.7,76500.0,372.216,0
2013-01-16,404.7,404.7,402.2,404.0,30000.0,372.492,0
2013-01-17,405.8,406.5,403.1,404.3,33300.0,372.769,0
2013-01-18,405.8,406.5,400.6,402.9,47000.0,371.478,0
2013-01-21,403.1,403.9,401.0,402.7,12500.0,371.294,0
2013-01-22,403.2,403.3,397.4,400.0,16500.0,368.804,0
2013-01-23,403.2,403.3,396.6,398.2,36600.0,367.145,0
2013-01-24,403.2,403.3,396.6,398.6,65500.0,367.513,0
2013-01-25,398.2,400.6,397.4,399.0,10400.0,367.882,0
2013-01-28,401.9,402.1,399.0,400.4,14400.0,369.173,0
2013-01-29,400.1,401.4,398.2,401.0,19600.0,369.726,0
2013-01-30,402.5,402.5,399.0,400.4,17500.0,369.173,0
2013-01-31,401.3,404.9,398.1,403.2,22200.0,371.755,0
2013-02-01,405.9,409.9,405.3,407.6,23800.0,375.812,0
2013-02-04,408.4,408.9,404.8,405.3,19000.0,373.691,0
2013-02-05,405.0,408.9,402.5,408.3,36700.0,376.457,0
2013-02-06,408.6,409.5,404.3,404.9,19800.0,373.322,0
2013-02-07,404.0,404.4,400.2,400.8,23500.0,369.542,0
2013-02-08,401.7,404.2,400.7,403.7,19600.0,372.216,0
2013-02-11,403.75,406.6,403.1,404.3,28600.0,372.769,0
2013-02-12,405.0,408.9,402.9,406.8,30600.0,375.074,0
2013-02-13,407.1,412.8,406.6,412.0,20600.0,379.868,0
2013-02-14,411.8,414.2,410.0,413.9,25800.0,381.62,0
2013-02-15,413.8,418.6,413.6,416.6,18700.0,384.11,0
2013-02-18,417.8,419.0,416.0,417.8,11100.0,385.216,0
2013-02-19,418.35,420.8,418.0,420.0,13800.0,387.244,0
2013-02-20,420.1,421.2,417.7,420.4,16500.0,387.613,0
2013-02-21,419.1,419.1,417.3,418.0,18700.0,385.4,0
2013-02-22,418.0,421.9,417.7,420.3,13400.0,387.521,0
2013-02-25,421.4,423.5,419.1,420.3,17500.0,387.521,0
2013-02-26,417.3,419.3,416.2,417.5,13500.0,384.939,0
2013-02-27,418.7,422.1,418.2,421.8,13900.0,388.904,0
2013-02-28,421.8,425.8,421.4,425.8,13300.0,392.592,0
2013-03-01,426.7,426.9,423.7,426.0,11900.0,392.777,0
2013-03-04,425.4,426.6,422.4,424.6,18200.0,391.486,0
2013-03-05,425.8,430.7,425.2,430.6,18900.0,397.018,0
2013-03-06,430.0,430.7,427.0,427.8,17400.0,394.436,0
2013-03-07,427.1,431.6,427.1,430.4,15200.0,396.833,0
2013-03-08,430.8,434.8,430.6,433.1,14100.0,399.323,0
2013-03-11,431.9,433.9,431.3,433.5,8900.0,399.692,0
2013-03-12,433.6,434.2,430.7,433.9,11100.0,400.06,0
2013-03-13,433.4,433.8,431.2,431.4,14700.0,397.755,0
2013-03-14,432.3,437.8,431.6,436.8,21600.0,402.734,0
2013-03-15,436.4,436.8,435.1,436.7,13200.0,402.642,0
2013-03-18,433.9,434.8,431.7,433.3,13400.0,399.507,0
2013-03-19,431.8,435.6,430.8,433.3,13300.0,399.507,0
2013-03-20,433.5,436.5,433.1,436.5,11200.0,402.458,0
2013-03-21,436.3,436.5,432.2,435.8,15300.0,401.812,0
2013-03-22,434.9,437.0,433.2,435.7,10600.0,401.72,0
2013-03-25,435.9,439.3,433.5,436.0,11700.0,401.997,0
2013-03-26,435.2,435.5,432.3,434.8,11800.0,400.89,0
2013-03-27,436.0,439.5,434.4,438.3,25200.0,404.117,0
2013-03-28,437.3,442.0,437.3,440.0,14200.0,405.685,0
2013-03-29,440.0,440.0,440.0,440.0,0.0,405.685,0
2013-04-01,440.0,440.0,440.0,440.0,0.0,405.685,0
2013-04-02,438.3,445.9,438.3,442.4,19800.0,407.898,0
2013-04-03,440.7,446.2,439.9,440.2,15600.0,405.869,0
2013-04-04,442.8,442.8,436.2,438.5,18000.0,404.302,0
2013-04-05,440.1,440.1,429.3,431.7,22300.0,398.032,0
2013-04-08,410.1,413.4,409.7,413.0,16600.0,380.79,0
2013-04-09,413.4,416.2,413.2,414.0,14700.0,381.712,0
2013-04-10,416.3,423.4,416.1,421.9,17600.0,388.996,0
2013-04-11,422.9,425.3,421.3,423.7,14600.0,390.656,0
2013-04-12,424.6,425.6,422.3,424.5,10200.0,391.394,0
2013-04-15,424.5,426.8,423.3,424.0,12300.0,390.933,0
2013-04-16,422.8,424.8,420.7,423.2,15700.0,390.195,0
2013-04-17,423.5,424.0,417.5,418.5,15200.0,385.861,0
2013-04-18,418.3,421.0,415.2,420.1,20000.0,387.337,0
2013-04-19,421.9,424.2,419.9,423.5,13700.0,390.472,0
2013-04-22,424.0,426.65,423.0,424.5,7100.0,391.394,0
2013-04-23,424.7,430.7,423.2,428.9,16000.0,395.45,0
2013-04-24,430.1,433.0,429.0,432.0,16500.0,398.309,0
2013-04-25,432.6,435.0,428.1,434.6,17100.0,400.706,0
2013-04-26,432.6,432.8,430.7,431.6,11600.0,397.94,0
2013-04-29,431.6,434.0,431.2,433.8,12300.0,399.968,0
2013-04-30,434.7,437.7,433.8,436.8,14400.0,402.734,0
2013-05-01,436.8,436.8,436.8,436.8,0.0,402.734,0
2013-05-02,432.2,433.0,428.0,430.6,25100.0,397.018,0
2013-05-03,428.9,430.3,425.1,428.1,20500.0,394.713,0
2013-05-06,428.1,428.1,428.1,428.1,0.0,394.713,0
2013-05-07,426.9,426.9,423.5,425.6,15700.0,392.408,0
2013-05-08,426.2,431.0,424.3,429.6,19900.0,396.096,0
2013-05-09,429.6,429.6,429.6,429.6,0.0,396.096,0
2013-05-10,428.7,433.0,427.8,432.5,15200.0,398.77,0
2013-05-13,431.8,431.9,427.6,428.0,16100.0,394.621,0
2013-05-14,428.4,431.7,425.9,430.8,10400.0,397.202,0
2013-05-15,431.4,434.7,429.2,434.1,14800.0,400.245,0
2013-05-16,434.0,436.5,432.2,435.8,19500.0,401.812,0
2013-05-17,433.7,434.7,431.3,433.7,37100.0,399.876,0
2013-05-20,433.7,433.7,433.7,433.7,0.0,399.876,0
2013-05-21,434.0,434.4,430.1,432.3,16300.0,398.585,0
2013-05-22,433.4,433.8,430.8,430.8,21100.0,397.202,0
2013-05-23,427.7,427.8,421.1,422.7,25400.0,389.734,0
2013-05-24,422.5,424.3,420.3,423.05,16600.0,390.057,0
2013-05-27,423.05,423.05,423.05,423.05,0.0,390.057,0
2013-05-28,422.7,426.4,422.6,424.9,10100.0,391.762,0
2013-05-29,425.2,426.0,416.4,417.4,16500.0,384.847,0
2013-05-30,416.3,417.0,412.6,414.0,17000.0,381.712,0
2013-05-31,411.8,411.8,408.4,411.0,22300.0,378.946,0
2013-06-03,406.2,407.0,400.3,403.7,21100.0,372.216,0
2013-06-04,403.3,406.4,403.1,405.0,16400.0,373.414,0
2013-06-05,403.8,405.2,400.2,400.2,18200.0,368.989,0
2013-06-06,399.9,402.6,398.1,398.3,15200.0,367.237,0
2013-06-07,397.5,403.9,396.6,402.6,20900.0,371.201,0
2013-06-10,401.4,404.0,400.9,402.3,10300.0,370.925,0
2013-06-11,401.8,403.9,399.7,400.8,19600.0,369.542,0
2013-06-12,401.0,407.0,400.0,402.6,16300.0,371.201,0
2013-06-13,400.5,410.1,399.3,407.0,33400.0,375.258,0
2013-06-14,407.6,407.6,402.15,403.2,22500.0,371.755,0
2013-06-17,404.5,408.8,404.5,405.5,11900.0,373.875,0
2013-06-18,405.4,407.4,403.6,405.0,11300.0,373.414,0
2013-06-19,405.6,410.1,403.4,407.1,12500.0,375.351,0
2013-06-20,404.3,405.3,400.2,402.0,45100.0,370.648,0
2013-06-21,401.3,403.3,397.3,398.0,17100.0,366.96,0
2013-06-24,395.7,398.2,390.5,391.9,16500.0,361.336,0
2013-06-25,391.4,397.5,390.9,397.0,17100.0,366.038,0
2013-06-26,396.1,404.5,395.8,403.9,21000.0,372.4,0
2013-06-27,404.5,411.4,404.3,410.0,16600.0,378.024,0
2013-06-28,409.5,414.5,408.9,414.0,16700.0,381.712,0
2013-07-01,419.0,421.8,413.5,417.4,26600.0,384.847,0
2013-07-02,416.4,418.0,414.3,415.4,23000.0,383.003,0
2013-07-03,414.1,418.5,412.6,416.8,23700.0,384.294,0
2013-07-04,418.0,420.8,416.9,418.1,22100.0,385.493,0
2013-07-05,417.7,418.5,410.1,411.1,24200.0,379.039,0
2013-07-08,412.2,417.2,411.6,415.6,12300.0,383.188,0
2013-07-09,417.1,421.7,416.8,420.8,16000.0,387.982,0
2013-07-10,421.4,423.0,418.5,420.9,13600.0,388.074,0
2013-07-11,423.4,423.7,418.8,420.4,13600.0,387.613,0
2013-07-12,421.9,423.3,418.8,419.3,15300.0,386.599,0
2013-07-15,419.5,421.2,419.1,420.5,9300.0,387.705,0
2013-07-16,421.9,422.1,418.4,419.5,10300.0,386.783,0
2013-07-17,421.2,421.7,418.1,421.2,9100.0,388.351,0
2013-07-18,420.8,420.8,418.0,418.6,13800.0,385.954,0
2013-07-19,418.0,418.4,414.3,417.2,14800.0,384.663,0
2013-07-22,417.3,418.0,413.2,416.8,21900.0,384.294,0
2013-07-23,417.0,419.0,412.2,413.9,49600.0,381.62,0
2013-07-24,413.0,417.8,412.8,414.6,16700.0,382.266,0
2013-07-25,415.1,416.6,411.6,413.5,22000.0,381.251,0
2013-07-26,413.8,413.9,405.7,406.0,39500.0,374.336,0
2013-07-29,407.8,413.1,407.8,410.9,28400.0,378.854,0
2013-07-30,410.7,413.9,410.2,412.6,15800.0,380.422,0
2013-07-31,411.0,415.0,410.5,413.8,23600.0,381.528,0
2013-08-01,413.8,413.8,413.8,413.8,0.0,381.528,0
2013-08-02,417.3,419.2,415.6,417.1,28700.0,384.571,0
2013-08-05,418.6,420.8,417.2,418.2,22700.0,385.585,0
2013-08-06,419.8,419.9,412.1,413.1,28300.0,380.883,0
2013-08-07,411.2,428.3,411.2,426.7,50100.0,393.422,0
2013-08-08,427.4,431.0,423.5,423.8,38000.0,390.748,0
2013-08-09,425.9,430.6,424.9,427.4,31500.0,394.067,0
2013-08-12,427.2,433.4,427.2,430.8,35300.0,397.202,0
2013-08-13,431.0,433.5,431.0,432.5,17900.0,398.77,0
2013-08-14,432.9,434.1,431.3,433.0,23000.0,399.231,0
2013-08-15,432.75,432.75,426.1,427.4,17800.0,394.067,0
2013-08-16,426.8,430.8,426.6,428.6,23900.0,395.174,0
2013-08-19,428.2,429.6,426.6,428.0,27900.0,394.621,0
2013-08-20,426.9,428.9,423.9,425.1,23200.0,391.947,0
2013-08-21,425.65,426.3,420.4,420.6,14700.0,387.798,0
2013-08-22,420.3,422.8,418.9,419.8,19200.0,387.06,0
2013-08-23,420.7,421.6,419.2,420.8,16900.0,387.982,0
2013-08-26,420.8,420.8,420.8,420.8,0.0,387.982,0
2013-08-27,419.8,420.7,413.8,415.0,17500.0,382.634,0
2013-08-28,413.7,414.9,411.7,413.3,12400.0,381.067,0
2013-08-29,414.1,417.0,414.0,416.4,37600.0,383.925,0
2013-08-30,417.4,421.9,415.4,421.4,44200.0,388.535,0
2013-09-02,425.4,432.3,425.4,430.8,37000.0,397.202,0
2013-09-03,431.1,436.6,429.9,432.6,36600.0,398.862,0
2013-09-04,433.5,434.5,431.5,434.1,26600.0,400.245,0
2013-09-05,434.5,437.9,433.8,435.7,27200.0,401.72,0
2013-09-06,436.0,437.4,428.7,433.4,22000.0,399.599,0
2013-09-09,434.2,434.2,429.6,432.4,19900.0,398.677,0
2013-09-10,434.6,436.5,431.7,433.2,19500.0,399.415,0
2013-09-11,433.0,434.6,430.9,432.3,11900.0,398.585,0
2013-09-12,433.0,436.0,431.1,434.8,14000.0,400.89,0
2013-09-13,435.5,438.1,434.5,435.2,9800.0,401.259,0
2013-09-16,438.6,438.6,432.6,433.6,22400.0,399.784,0
2013-09-17,435.2,435.4,431.5,433.6,9400.0,399.784,0
2013-09-18,433.9,435.0,430.1,430.4,19300.0,396.833,0
2013-09-19,432.5,435.7,431.0,434.0,20000.0,400.153,0
2013-09-20,432.3,433.2,430.0,432.3,18200.0,398.585,0
2013-09-23,431.3,436.4,431.3,434.1,12600.0,400.245,0
2013-09-24,435.4,437.2,434.6,435.8,10500.0,401.812,0
2013-09-25,435.2,439.8,434.6,439.5,19500.0,405.224,0
2013-09-26,438.7,442.7,438.7,441.6,15300.0,407.16,0
2013-09-27,441.8,443.0,436.2,438.5,18400.0,404.302,0
2013-09-30,433.9,435.2,431.9,434.0,17200.0,400.153,0
2013-10-01,433.0,436.1,433.0,435.1,14300.0,401.167,0
2013-10-02,435.0,435.5,428.6,430.1,16600.0,396.557,0
2013-10-03,431.3,433.4,427.4,427.6,14800.0,394.252,0
2013-10-04,428.1,431.6,426.5,431.1,16500.0,397.479,0
2013-10-07,430.3,430.4,427.6,428.9,9500.0,395.45,0
2013-10-08,430.4,435.9,430.4,434.4,26100.0,400.521,0
2013-10-09,432.5,435.0,431.9,434.2,16500.0,400.337,0
2013-10-10,434.2,439.7,432.4,438.4,17600.0,404.209,0
2013-10-11,440.1,441.9,437.6,439.4,18700.0,405.131,0
2013-10-14,438.5,443.0,438.5,440.8,11400.0,406.422,0
2013-10-15,443.1,446.5,442.4,443.3,13000.0,408.727,0
2013-10-16,445.3,457.5,445.1,455.1,48000.0,419.607,0
2013-10-17,453.4,465.5,453.1,465.1,35800.0,428.827,0
2013-10-18,464.7,466.9,461.8,465.1,31000.0,428.827,0
2013-10-21,465.7,470.3,462.5,464.0,36700.0,427.813,0
2013-10-22,462.7,464.7,461.2,463.6,27400.0,427.444,0
2013-10-23,462.6,465.2,460.9,463.9,17700.0,427.721,0
2013-10-24,464.9,466.3,460.2,462.9,17700.0,426.799,0
2013-10-25,462.0,462.2,458.5,460.2,23300.0,424.309,0
2013-10-28,461.6,465.3,461.6,463.4,14800.0,427.26,0
2013-10-29,463.6,466.0,461.5,464.0,15400.0,427.813,0
2013-10-30,463.8,464.8,458.7,459.2,28300.0,423.387,0
2013-10-31,458.9,462.7,457.6,462.7,24000.0,426.614,0
2013-11-01,463.2,464.8,460.9,460.9,21900.0,424.955,0
2013-11-04,462.9,464.6,460.7,462.6,10900.0,426.522,0
2013-11-05,463.8,464.3,458.4,460.1,17900.0,424.217,0
2013-11-06,460.2,462.1,459.6,461.8,26300.0,425.785,0
2013-11-07,467.2,474.6,467.2,472.3,37400.0,435.466,0
2013-11-08,470.5,472.8,468.3,471.4,32200.0,434.636,0
2013-11-11,473.6,475.5,469.1,470.3,20600.0,433.622,0
2013-11-12,470.0,472.1,465.7,468.6,12400.0,432.054,0
2013-11-13,469.8,472.4,469.7,470.0,19300.0,433.345,0
2013-11-14,472.2,473.6,471.1,471.2,16000.0,434.451,0
2013-11-15,473.0,475.0,472.7,474.5,11400.0,437.494,0
2013-11-18,473.2,474.0,470.0,470.1,16400.0,433.437,0
2013-11-19,470.1,470.3,466.4,467.4,13500.0,430.948,0
2013-11-20,467.1,467.1,462.5,463.0,16100.0,426.891,0
2013-11-21,462.8,464.8,460.7,464.6,10800.0,428.366,0
2013-11-22,465.8,466.2,462.4,462.8,15100.0,426.707,0
2013-11-25,463.4,465.6,463.4,464.7,8200.0,428.458,0
2013-11-26,465.2,465.2,462.2,463.7,9700.0,427.536,0
2013-11-27,463.1,466.4,460.4,463.4,19900.0,427.26,0
2013-11-28,462.5,463.6,460.3,462.6,14300.0,426.522,0
2013-11-29,461.5,463.9,461.4,463.1,6400.0,426.983,0
2013-12-02,465.2,467.9,463.2,464.9,19000.0,428.643,0
2013-12-03,464.7,465.1,461.1,461.1,21500.0,425.139,0
2013-12-04,461.0,461.0,453.8,454.5,15900.0,419.054,0
2013-12-05,453.6,454.3,449.7,449.8,13100.0,414.72,0
2013-12-06,451.5,455.2,451.4,454.6,12400.0,419.146,0
2013-12-09,454.4,455.4,451.15,452.4,9300.0,417.118,0
2013-12-10,452.7,454.4,450.7,452.5,17900.0,417.21,0
2013-12-11,451.0,455.2,450.6,453.9,10400.0,418.501,0
2013-12-12,453.2,456.1,452.8,455.5,16400.0,419.976,0
2013-12-13,453.3,454.5,451.1,451.6,13300.0,416.38,0
2013-12-16,449.9,454.1,447.9,452.4,18300.0,417.118,0
2013-12-17,452.7,457.8,452.4,457.6,24000.0,421.912,0
2013-12-18,457.8,462.4,457.4,459.4,20600.0,423.572,0
2013-12-19,462.9,469.1,462.6,466.9,15700.0,430.487,0
2013-12-20,468.0,468.3,464.4,467.3,11200.0,430.856,0
2013-12-23,466.7,469.7,464.5,466.9,6500.0,430.487,0
2013-12-24,466.9,466.9,466.9,466.9,0.0,430.487,0
2013-12-25,466.9,466.9,466.9,466.9,0.0,430.487,0
2013-12-26,466.9,466.9,466.9,466.9,0.0,430.487,0
2013-12-27,469.5,473.3,469.5,472.1,10200.0,435.281,0
2013-12-30,472.7,472.7,468.6,470.2,10300.0,433.529,0
2013-12-31,470.2,470.2,470.2,470.2,0.0,433.529,0
2014-01-01,470.2,470.2,470.2,470.2,0.0,433.529,0
2014-01-02,470.2,470.2,470.2,470.2,0.0,433.529,0
2014-01-03,468.2,473.3,467.9,472.2,11600.0,435.373,0
2014-01-06,471.2,472.8,470.6,471.3,9000.0,434.544,0
2014-01-07,471.0,477.8,470.7,476.1,15400.0,438.969,0
2014-01-08,475.3,475.9,473.4,475.3,13200.0,438.232,0
2014-01-09,476.4,477.1,472.9,473.4,11000.0,436.48,0
2014-01-10,474.8,479.0,472.6,477.6,15800.0,440.352,0
2014-01-13,478.2,479.3,477.2,478.1,12400.0,440.813,0
2014-01-14,477.6,487.6,476.3,487.5,28100.0,449.48,0
2014-01-15,489.9,493.6,487.9,492.0,16000.0,453.629,0
2014-01-16,493.9,495.8,485.5,487.8,18200.0,449.757,0
2014-01-17,490.7,492.1,487.0,491.8,16600.0,453.445,0
2014-01-20,492.0,492.8,489.0,489.5,7600.0,451.324,0
2014-01-21,491.5,492.3,487.1,488.4,10400.0,450.31,0
2014-01-22,498.5,503.0,496.3,498.0,22900.0,459.161,0
2014-01-23,496.8,502.0,493.1,495.0,14600.0,456.395,0
2014-01-24,496.3,498.1,491.1,494.4,19200.0,455.842,0
2014-01-27,490.9,495.2,486.4,492.2,18700.0,453.814,0
2014-01-28,493.1,498.5,492.1,494.9,27500.0,456.303,0
2014-01-29,497.4,500.5,492.8,493.8,25700.0,455.289,0
2014-01-30,493.4,498.8,491.1,498.0,19300.0,459.161,0
2014-01-31,496.4,498.0,491.0,498.0,17400.0,459.161,0
2014-02-03,498.0,500.5,492.0,492.0,25400.0,453.629,0
2014-02-04,490.8,492.6,488.6,491.7,15400.0,453.353,0
2014-02-05,490.4,498.9,489.6,494.5,25600.0,455.934,0
2014-02-06,496.3,509.0,493.8,500.0,20300.0,461.005,0
2014-02-07,500.0,503.75,497.6,500.0,14400.0,461.005,0
2014-02-10,500.0,501.0,496.2,500.5,12800.0,461.466,0
2014-02-11,502.5,503.5,500.5,502.5,8800.0,463.31,0
2014-02-12,505.0,510.5,504.5,504.5,17900.0,465.154,0
2014-02-13,504.5,506.5,503.5,506.0,6500.0,466.537,0
2014-02-14,506.0,508.0,504.5,505.0,8000.0,465.615,0
2014-02-17,504.5,508.0,504.5,507.5,4800.0,467.92,0
2014-02-18,507.5,514.0,507.5,514.0,11500.0,473.913,0
2014-02-19,515.5,519.5,515.0,516.0,12800.0,475.758,0
2014-02-20,516.0,517.0,514.0,516.5,8600.0,476.219,0
2014-02-21,518.0,519.0,513.5,515.5,4800.0,475.296,0
2014-02-24,516.0,522.0,514.5,520.75,8000.0,480.137,0
2014-02-25,520.0,522.0,518.0,522.0,4300.0,481.29,0
2014-02-26,522.75,522.75,517.0,521.0,7900.0,480.368,0
2014-02-27,515.5,518.0,512.5,517.0,11800.0,476.68,0
2014-02-28,517.5,522.5,515.75,521.5,13000.0,480.829,0
2014-03-03,515.0,515.5,509.5,510.5,5900.0,470.686,0
2014-03-04,514.5,519.5,513.5,519.5,3800.0,478.985,0
2014-03-05,520.0,524.5,518.0,520.5,6000.0,479.907,0
2014-03-06,524.5,526.0,520.5,524.0,9200.0,483.134,0
2014-03-07,525.0,525.5,520.0,521.0,5500.0,480.368,0
2014-03-10,519.0,522.0,518.0,522.0,5800.0,481.29,0
2014-03-11,523.0,523.0,517.0,519.5,4500.0,478.985,0
2014-03-12,519.0,522.5,517.5,522.5,6400.0,481.751,0
2014-03-13,522.0,522.5,513.0,513.5,6700.0,473.452,0
2014-03-14,508.0,514.5,508.0,513.0,5700.0,472.991,0
2014-03-17,512.0,522.5,510.5,519.0,6800.0,478.524,0
2014-03-18,518.0,525.0,516.0,522.0,5100.0,481.29,0
2014-03-19,522.5,524.5,522.0,524.0,2900.0,483.134,0
2014-03-20,522.0,522.5,518.5,522.5,7500.0,481.751,0
2014-03-21,524.5,529.0,523.5,527.0,7900.0,485.9,0
2014-03-24,525.5,529.5,521.5,526.0,4500.0,484.978,0
2014-03-25,526.5,528.5,526.0,528.5,4700.0,487.283,0
2014-03-26,529.5,536.5,529.0,534.0,6500.0,492.354,0
2014-03-27,533.0,537.0,532.0,535.5,3000.0,493.737,0
2014-03-28,535.5,543.0,535.5,539.5,6900.0,497.425,0
2014-03-31,542.5,543.5,539.5,542.0,6900.0,499.73,0
2014-04-01,542.5,542.5,534.0,534.0,16400.0,492.354,0
2014-04-02,536.5,537.5,531.0,531.0,14400.0,489.588,0
2014-04-03,530.0,534.0,528.0,531.5,12200.0,490.049,0
2014-04-04,533.0,537.0,529.0,530.0,13700.0,488.666,0
2014-04-07,528.0,537.0,527.0,537.0,10000.0,495.12,0
2014-04-08,530.5,533.0,526.0,533.0,12200.0,491.432,0
2014-04-09,512.0,516.0,510.0,514.5,19700.0,494.798,22.0
2014-04-10,518.0,520.5,516.0,519.5,15200.0,499.606,0
2014-04-11,516.5,520.0,512.5,516.5,8400.0,496.721,0
2014-04-14,515.5,517.0,513.0,517.0,4700.0,497.202,0
2014-04-15,516.5,518.5,515.0,516.0,5400.0,496.24,0
2014-04-16,519.5,521.5,517.5,520.5,5500.0,500.568,0
2014-04-17,522.0,523.0,520.5,523.0,6600.0,502.972,0
2014-04-18,523.0,523.0,523.0,523.0,0.0,502.972,0
2014-04-21,523.0,523.0,523.0,523.0,0.0,502.972,0
2014-04-22,525.0,525.5,522.0,522.0,5900.0,502.01,0
2014-04-23,523.5,524.5,521.5,522.0,5000.0,502.01,0
2014-04-24,524.0,526.0,523.0,523.0,8600.0,502.972,0
2014-04-25,522.5,525.5,522.5,522.5,2700.0,502.491,0
2014-04-28,522.0,522.5,519.5,521.0,6900.0,501.049,0
2014-04-29,523.5,530.0,523.5,530.0,5200.0,509.704,0
2014-04-30,531.5,534.5,530.0,534.5,8500.0,514.032,0
2014-05-01,534.5,534.5,534.5,534.5,0.0,514.032,0
2014-05-02,533.0,540.5,533.0,533.5,13200.0,513.07,0
2014-05-05,533.5,533.5,533.5,533.5,0.0,513.07,0
2014-05-06,541.0,541.5,533.0,536.0,12100.0,515.474,0
2014-05-07,536.5,538.0,524.0,525.5,17500.0,505.376,0
2014-05-08,519.0,525.0,518.5,523.5,18600.0,503.453,0
2014-05-09,523.0,530.25,523.0,529.5,12300.0,509.223,0
2014-05-12,531.5,539.5,529.5,537.5,14900.0,516.917,0
2014-05-13,536.5,537.0,531.5,532.0,10600.0,511.627,0
2014-05-14,532.0,536.5,531.0,535.0,5900.0,514.513,0
2014-05-15,536.5,544.0,534.0,540.5,16800.0,519.802,0
2014-05-16,541.5,544.0,538.0,541.5,14400.0,520.764,0
2014-05-19,539.0,548.0,538.5,548.0,11200.0,527.015,0
2014-05-20,546.0,548.5,544.5,546.5,5400.0,525.572,0
2014-05-21,544.0,547.0,541.0,544.0,6200.0,523.168,0
2014-05-22,543.5,546.5,543.5,544.5,7900.0,523.649,0
2014-05-23,543.0,543.5,533.75,538.5,10700.0,517.879,0
2014-05-26,538.5,538.5,538.5,538.5,0.0,517.879,0
2014-05-27,541.0,543.0,538.5,539.5,4400.0,518.84,0
2014-05-28,542.0,542.5,531.0,533.0,14300.0,512.589,0
2014-05-29,533.0,533.0,533.0,533.0,0.0,512.589,0
2014-05-30,533.5,535.0,532.5,533.0,12500.0,512.589,0
2014-06-02,535.5,536.0,532.75,535.0,9100.0,514.513,0
2014-06-03,532.0,533.0,529.5,529.5,4300.0,509.223,0
2014-06-04,528.0,530.5,527.5,530.0,15500.0,509.704,0
2014-06-05,531.5,532.5,528.0,530.0,12400.0,509.704,0
2014-06-06,532.25,533.0,528.0,529.5,14000.0,509.223,0
2014-06-09,529.5,529.5,529.5,529.5,0.0,509.223,0
2014-06-10,530.5,532.5,529.5,531.5,16900.0,511.147,0
2014-06-11,533.0,533.5,529.75,530.0,6500.0,509.704,0
2014-06-12,532.5,535.0,531.0,534.0,4900.0,513.551,0
2014-06-13,532.5,533.5,528.5,533.0,6800.0,512.589,0
2014-06-16,531.0,532.5,527.5,530.0,9600.0,509.704,0
2014-06-17,529.5,533.5,526.5,532.5,7900.0,512.108,0
2014-06-18,532.5,533.5,531.5,532.5,3500.0,512.108,0
2014-06-19,533.5,534.5,531.5,533.5,3900.0,513.07,0
2014-06-20,534.5,535.5,531.5,534.5,7700.0,514.032,0
2014-06-23,533.75,534.0,528.5,530.5,4100.0,510.185,0
2014-06-24,532.0,533.0,529.5,530.5,4900.0,510.185,0
2014-06-25,528.0,530.5,526.0,527.5,8900.0,507.3,0
2014-06-26,526.5,527.0,520.5,521.0,11100.0,501.049,0
2014-06-27,522.0,523.5,518.0,519.5,8800.0,499.606,0
2014-06-30,519.5,522.0,512.75,515.0,7200.0,495.278,0
2014-07-01,516.0,523.0,516.0,522.75,13800.0,502.732,0
2014-07-02,522.0,522.0,516.0,516.0,9800.0,496.24,0
2014-07-03,517.0,522.5,517.0,520.5,6000.0,500.568,0
2014-07-04,521.0,523.0,520.5,520.5,2200.0,500.568,0
2014-07-07,521.25,522.0,518.0,518.0,4100.0,498.164,0
2014-07-08,519.5,520.0,515.5,515.5,7200.0,495.759,0
2014-07-09,514.5,516.25,513.0,515.5,6300.0,495.759,0
2014-07-10,513.5,515.0,506.0,509.0,10600.0,489.508,0
2014-07-11,510.0,510.0,502.5,505.5,10700.0,486.142,0
2014-07-14,506.5,513.5,506.5,513.5,5600.0,493.836,0
2014-07-15,511.5,515.5,511.5,512.5,7500.0,492.874,0
2014-07-16,513.0,516.0,512.0,513.0,6700.0,493.355,0
2014-07-17,512.0,514.5,509.5,511.5,9100.0,491.913,0
2014-07-18,510.0,514.0,508.0,512.5,8100.0,492.874,0
2014-07-21,512.0,515.0,511.0,511.5,5700.0,491.913,0
2014-07-22,513.0,517.0,512.5,515.5,4900.0,495.759,0
2014-07-23,516.0,518.0,512.25,512.75,3900.0,493.115,0
2014-07-24,514.0,515.0,511.0,514.0,9100.0,494.317,0
2014-07-25,514.5,514.5,509.5,509.5,6500.0,489.989,0
2014-07-28,509.5,509.5,505.5,506.75,6600.0,487.344,0
2014-07-29,507.5,510.0,507.5,509.0,5900.0,489.508,0
2014-07-30,508.5,511.75,508.0,508.5,5500.0,489.027,0
2014-07-31,509.5,510.5,504.5,506.0,12000.0,486.623,0
2014-08-01,506.0,506.0,506.0,506.0,0.0,486.623,0
2014-08-04,506.0,506.0,500.75,501.5,8200.0,482.295,0
2014-08-05,501.0,505.5,500.5,504.5,6100.0,485.181,0
2014-08-06,502.0,504.5,496.9,496.9,13500.0,477.872,0
2014-08-07,496.1,504.0,494.6,502.5,13900.0,483.257,0
2014-08-08,500.5,502.0,495.1,499.5,12700.0,480.372,0
2014-08-11,498.8,503.5,497.1,503.0,5500.0,483.738,0
2014-08-12,502.5,504.5,501.5,504.5,5800.0,485.181,0
2014-08-13,505.0,514.0,504.5,512.5,13700.0,492.874,0
2014-08-14,513.0,520.5,513.0,520.5,16300.0,500.568,0
2014-08-15,521.5,528.0,520.5,525.0,12000.0,504.896,0
2014-08-18,526.0,527.5,521.0,522.0,9800.0,502.01,0
2014-08-19,524.0,525.0,520.0,523.0,10400.0,502.972,0
2014-08-20,529.5,532.0,523.0,525.5,11600.0,505.376,0
2014-08-21,526.0,534.0,526.0,533.0,15900.0,512.589,0
2014-08-22,531.5,533.5,529.0,532.0,13900.0,511.627,0
2014-08-25,532.0,532.0,532.0,532.0,0.0,511.627,0
2014-08-26,533.0,534.0,529.5,532.0,11200.0,511.627,0
2014-08-27,532.5,535.5,532.5,533.5,7300.0,513.07,0
2014-08-28,534.0,535.0,532.0,533.5,8600.0,513.07,0
2014-08-29,534.5,534.5,529.0,532.5,14600.0,512.108,0
2014-09-01,533.5,533.5,529.0,532.0,7400.0,511.627,0
2014-09-02,534.0,534.0,531.5,532.5,7600.0,512.108,0
2014-09-03,532.0,535.25,532.0,533.5,12200.0,513.07,0
2014-09-04,532.5,534.25,532.0,533.0,7700.0,512.589,0
2014-09-05,532.5,533.5,529.0,530.5,7200.0,510.185,0
2014-09-08,531.0,533.5,530.5,530.5,7000.0,510.185,0
2014-09-09,531.5,534.5,531.5,531.5,6300.0,511.147,0
2014-09-10,532.0,532.0,526.5,531.0,8900.0,510.666,0
2014-09-11,531.0,532.5,529.0,530.5,6500.0,510.185,0
2014-09-12,529.5,530.5,527.0,530.0,6800.0,509.704,0
2014-09-15,529.0,533.0,525.5,530.5,9200.0,510.185,0
2014-09-16,531.5,533.5,526.25,530.0,12000.0,509.704,0
2014-09-17,532.0,537.0,532.0,536.0,11600.0,515.474,0
2014-09-18,537.5,540.5,535.5,540.5,19800.0,519.802,0
2014-09-19,542.0,542.0,538.5,540.0,10200.0,519.321,0
2014-09-22,542.0,543.5,538.5,539.0,13700.0,518.359,0
2014-09-23,539.5,541.0,536.0,537.5,12200.0,516.917,0
2014-09-24,539.5,540.0,536.0,540.0,11900.0,519.321,0
2014-09-25,542.0,545.5,538.5,540.0,9400.0,519.321,0
2014-09-26,540.0,542.5,538.5,542.0,6700.0,521.245,0
2014-09-29,543.5,545.0,538.5,540.0,7800.0,519.321,0
2014-09-30,540.5,543.0,539.5,542.0,9000.0,521.245,0
2014-10-01,541.0,544.5,537.5,539.5,7800.0,518.84,0
2014-10-02,538.0,539.0,530.5,531.0,10300.0,510.666,0
2014-10-03,529.5,541.0,528.5,539.5,11800.0,518.84,0
2014-10-06,541.5,541.5,535.5,536.0,8000.0,515.474,0
2014-10-07,534.5,537.5,531.0,533.0,11300.0,512.589,0
2014-10-08,537.5,557.0,536.5,543.0,29300.0,522.206,0
2014-10-09,548.0,552.0,542.75,544.0,18700.0,523.168,0
2014-10-10,541.0,544.0,535.0,537.0,11600.0,516.436,0
2014-10-13,533.0,534.0,529.0,531.0,12100.0,510.666,0
2014-10-14,531.0,531.5,525.5,530.5,13000.0,510.185,0
2014-10-15,528.5,528.5,514.0,516.0,16500.0,496.24,0
2014-10-16,516.0,518.5,500.5,506.0,28300.0,486.623,0
2014-10-17,510.0,517.25,507.5,516.5,27800.0,496.721,0
2014-10-20,515.0,519.5,514.25,518.5,12300.0,498.644,0
2014-10-21,518.5,526.0,516.5,524.0,16200.0,503.934,0
2014-10-22,527.5,531.5,526.0,531.5,20700.0,511.147,0
2014-10-23,530.0,536.0,528.5,534.5,11700.0,514.032,0
2014-10-24,534.0,537.5,533.5,536.5,11500.0,515.955,0
2014-10-27,539.0,541.5,536.5,538.0,10900.0,517.398,0
2014-10-28,544.0,553.5,542.5,552.25,17100.0,531.102,0
2014-10-29,555.5,557.0,549.5,552.5,12200.0,531.342,0
2014-10-30,554.0,559.0,550.5,558.0,15300.0,536.632,0
2014-10-31,563.5,566.5,562.0,566.0,11100.0,544.325,0
2014-11-03,565.0,568.5,562.0,562.0,16700.0,540.479,0
2014-11-04,564.0,566.0,559.5,560.0,18900.0,538.555,0
2014-11-05,564.5,575.0,563.5,574.5,17800.0,552.5,0
2014-11-06,567.5,568.5,556.0,564.0,22500.0,542.402,0
2014-11-07,560.0,560.5,546.0,547.5,25500.0,526.534,0
2014-11-10,547.0,563.5,546.0,561.0,21600.0,539.517,0
2014-11-11,564.5,568.0,561.0,565.5,15800.0,543.845,0
2014-11-12,565.5,566.0,559.0,562.5,11000.0,540.96,0
2014-11-13,563.5,570.0,563.0,569.0,15100.0,547.211,0
2014-11-14,569.5,571.5,564.5,565.0,13100.0,543.364,0
2014-11-17,563.5,568.5,563.0,568.5,10900.0,546.73,0
2014-11-18,570.5,574.0,569.5,574.0,13900.0,552.019,0
2014-11-19,573.5,575.0,572.0,574.5,6800.0,552.5,0
2014-11-20,574.5,575.5,568.5,573.5,8400.0,551.538,0
2014-11-21,576.0,582.5,575.5,580.0,14700.0,557.789,0
2014-11-24,579.5,581.0,578.0,579.0,10200.0,556.828,0
2014-11-25,579.5,583.5,578.5,580.5,13900.0,558.27,0
2014-11-26,582.0,583.0,577.5,579.0,11700.0,556.828,0
2014-11-27,580.5,581.75,577.75,581.5,9600.0,559.232,0
2014-11-28,583.5,587.5,581.0,587.0,5900.0,564.521,0
2014-12-01,579.5,582.0,573.5,575.75,13800.0,553.702,0
2014-12-02,577.0,580.5,575.0,580.0,18900.0,557.789,0
2014-12-03,584.5,585.0,572.5,576.0,13700.0,553.943,0
2014-12-04,574.5,578.0,571.5,573.5,17200.0,551.538,0
2014-12-05,577.5,584.0,577.5,584.0,10200.0,561.636,0
2014-12-08,582.5,585.0,580.5,584.0,8500.0,561.636,0
2014-12-09,578.5,580.0,569.5,573.0,16600.0,551.057,0
2014-12-10,573.5,574.0,566.0,570.5,13400.0,548.653,0
2014-12-11,570.0,578.5,569.5,578.5,14800.0,556.347,0
2014-12-12,573.0,576.5,569.0,570.0,10600.0,548.172,0
2014-12-15,568.0,575.0,565.0,565.5,16900.0,543.845,0
2014-12-16,565.0,565.5,553.5,565.5,25800.0,543.845,0
2014-12-17,565.0,568.5,563.75,567.5,12800.0,545.768,0
2014-12-18,574.5,578.5,510.0,519.5,99900.0,499.606,0
2014-12-19,523.0,534.5,521.0,523.0,65300.0,502.972,0
2014-12-22,529.5,531.5,523.0,526.5,25300.0,506.338,0
2014-12-23,526.5,529.5,520.5,529.5,22700.0,509.223,0
2014-12-24,529.5,529.5,529.5,529.5,0.0,509.223,0
2014-12-25,529.5,529.5,529.5,529.5,0.0,509.223,0
2014-12-26,529.5,529.5,529.5,529.5,0.0,509.223,0
2014-12-29,530.5,531.0,524.5,531.0,17800.0,510.666,0
2014-12-30,527.5,530.0,522.0,522.0,7600.0,502.01,0
2014-12-31,522.0,522.0,522.0,522.0,0.0,502.01,0
2015-01-01,522.0,522.0,522.0,522.0,0.0,502.01,0
2015-01-02,522.0,522.0,522.0,522.0,0.0,502.01,0
2015-01-05,524.0,525.0,511.5,513.5,31100.0,493.836,0
2015-01-06,511.5,513.0,500.5,501.5,81200.0,482.295,0
2015-01-07,503.0,513.5,501.5,509.5,100300.0,489.989,0
2015-01-08,512.5,518.75,512.5,516.5,71100.0,496.721,0
2015-01-09,515.5,517.5,511.0,513.0,49700.0,493.355,0
2015-01-12,515.0,517.5,513.0,514.5,18800.0,494.798,0
2015-01-13,517.0,529.5,517.0,528.5,33800.0,508.262,0
2015-01-14,525.5,532.0,523.0,524.5,50500.0,504.415,0
2015-01-15,528.0,533.0,508.5,530.0,149600.0,509.704,0
2015-01-16,523.0,527.0,512.5,513.0,73800.0,493.355,0
2015-01-19,514.5,522.5,508.5,514.0,51000.0,494.317,0
2015-01-20,517.0,521.0,513.0,517.5,28200.0,497.683,0
2015-01-21,519.0,520.5,512.5,517.5,32200.0,497.683,0
2015-01-22,518.5,521.0,509.0,516.5,39400.0,496.721,0
2015-01-23,518.5,529.0,516.5,527.5,37600.0,507.3,0
2015-01-26,529.0,535.0,524.0,534.5,25500.0,514.032,0
2015-01-27,536.5,544.0,535.5,542.0,29000.0,521.245,0
2015-01-28,544.0,547.0,532.0,539.0,29200.0,518.359,0
2015-01-29,538.0,541.0,533.0,540.0,30100.0,519.321,0
2015-01-30,543.5,546.0,538.0,540.0,21100.0,519.321,0
2015-02-02,541.5,543.75,534.5,537.5,21100.0,516.917,0
2015-02-03,541.0,543.5,532.5,541.0,20500.0,520.283,0
2015-02-04,541.25,548.75,538.25,546.5,26400.0,525.572,0
2015-02-05,536.0,548.0,527.5,542.5,33000.0,521.725,0
2015-02-06,544.0,544.5,536.0,540.5,29400.0,519.802,0
2015-02-09,538.5,539.0,530.0,531.5,25200.0,511.147,0
2015-02-10,531.5,537.5,530.5,536.0,17300.0,515.474,0
2015-02-11,536.0,536.5,533.0,535.5,18600.0,514.993,0
2015-02-12,535.5,540.0,534.0,536.0,18500.0,515.474,0
2015-02-13,535.0,536.0,529.5,532.5,19900.0,512.108,0
2015-02-16,534.5,538.0,531.5,534.5,7800.0,514.032,0
2015-02-17,536.0,539.5,533.0,536.5,16700.0,515.955,0
2015-02-18,538.5,540.0,535.5,537.5,13900.0,516.917,0
2015-02-19,536.5,537.5,531.5,531.5,16300.0,511.147,0
2015-02-20,532.0,536.5,528.5,534.0,15500.0,513.551,0
2015-02-23,537.25,538.5,533.0,536.5,12400.0,515.955,0
2015-02-24,536.0,543.5,534.25,541.5,16800.0,520.764,0
2015-02-25,541.0,542.0,534.5,540.5,23100.0,519.802,0
2015-02-26,540.75,544.25,540.5,543.0,10500.0,522.206,0
2015-02-27,543.5,547.5,542.0,546.5,14900.0,525.572,0
2015-03-02,548.0,549.5,545.0,547.5,9000.0,526.534,0
2015-03-03,549.5,554.5,545.0,546.5,22700.0,525.572,0
2015-03-04,547.5,549.5,544.25,549.5,11000.0,528.457,0
2015-03-05,549.5,554.5,549.0,553.0,13100.0,531.823,0
2015-03-06,553.25,558.5,550.5,554.0,20900.0,532.785,0
2015-03-09,553.0,553.5,546.25,547.5,15400.0,526.534,0
2015-03-10,546.5,549.0,545.0,547.5,19400.0,526.534,0
2015-03-11,548.5,556.0,548.5,555.0,16500.0,533.747,0
2015-03-12,555.5,556.25,552.0,555.0,25600.0,533.747,0
2015-03-13,556.5,563.5,555.0,560.0,16000.0,538.555,0
2015-03-16,562.0,568.5,559.5,565.0,12700.0,543.364,0
2015-03-17,565.0,568.5,564.0,566.0,18900.0,544.325,0
2015-03-18,567.0,569.0,565.25,567.0,17500.0,545.287,0
2015-03-19,567.0,569.5,565.0,568.5,23700.0,546.73,0
2015-03-20,570.0,572.0,564.5,568.0,22000.0,546.249,0
2015-03-23,569.5,574.5,568.5,574.0,16100.0,552.019,0
2015-03-24,572.5,579.5,572.5,577.0,26000.0,554.904,0
2015-03-25,576.5,580.0,573.0,576.5,14500.0,554.423,0
2015-03-26,572.5,577.5,567.0,571.5,20700.0,549.615,0
2015-03-27,576.0,579.0,570.0,570.0,20500.0,548.172,0
2015-03-30,570.0,572.0,568.5,571.0,21600.0,549.134,0
2015-03-31,570.0,572.0,563.0,565.5,18100.0,543.845,0
2015-04-01,562.5,566.5,561.5,563.0,14700.0,541.44,0
2015-04-02,564.0,570.5,564.0,568.0,27200.0,546.249,0
2015-04-03,568.0,568.0,568.0,568.0,0.0,546.249,0
2015-04-06,568.0,568.0,568.0,568.0,0.0,546.249,0
2015-04-07,571.0,574.0,570.0,570.5,33200.0,548.653,0
2015-04-08,571.5,571.5,569.0,570.0,18400.0,548.172,0
2015-04-09,571.5,576.0,571.0,574.5,22700.0,552.5,0
2015-04-10,557.0,558.5,548.0,550.0,22900.0,550.0,22.0
2015-04-13,550.0,553.5,550.0,551.0,12700.0,551.0,0
2015-04-14,551.5,554.5,550.25,550.5,11000.0,550.5,0
2015-04-15,552.0,553.5,551.0,551.5,8400.0,551.5,0
2015-04-16,551.5,552.5,547.5,547.5,11200.0,547.5,0
2015-04-17,547.0,549.5,541.5,543.5,13200.0,543.5,0
2015-04-20,549.0,552.0,545.0,548.5,16000.0,548.5,0
2015-04-21,550.5,551.5,547.0,549.5,13100.0,549.5,0
2015-04-22,550.5,552.5,546.5,548.5,12100.0,548.5,0
2015-04-23,550.5,556.0,549.0,552.5,14200.0,552.5,0
2015-04-24,555.5,559.5,553.5,555.0,9800.0,555.0,0
2015-04-27,553.5,555.5,550.0,552.5,13000.0,552.5,0
2015-04-28,551.0,555.5,551.0,552.5,15200.0,552.5,0
2015-04-29,561.0,561.5,556.0,556.5,22700.0,556.5,0
2015-04-30,558.0,562.0,554.5,558.5,21800.0,558.5,0
2015-05-01,558.5,558.5,558.5,558.5,0.0,558.5,0
2015-05-04,558.5,558.5,558.5,558.5,0.0,558.5,0
2015-05-05,560.0,565.5,557.0,557.5,17400.0,557.5,0
2015-05-06,558.5,560.5,547.25,550.5,17300.0,550.5,0
2015-05-07,549.0,551.5,542.0,550.0,25500.0,550.0,0
2015-05-08,553.0,554.5,546.0,553.5,23300.0,553.5,0
2015-05-11,552.5,555.0,551.5,551.5,13900.0,551.5,0
2015-05-12,549.5,549.5,541.0,545.5,19300.0,545.5,0
2015-05-13,549.5,552.0,548.5,549.0,19700.0,549.0,0
2015-05-14,549.0,549.0,549.0,549.0,0.0,549.0,0
2015-05-15,553.5,555.5,547.5,549.0,19600.0,549.0,0
2015-05-18,548.0,548.0,542.0,543.5,14500.0,543.5,0
2015-05-19,545.0,553.25,543.5,553.0,16800.0,553.0,0
2015-05-20,553.0,553.0,548.5,553.0,8900.0,553.0,0
2015-05-21,552.5,555.75,552.5,555.0,8000.0,555.0,0
2015-05-22,554.5,556.5,552.5,555.0,6600.0,555.0,0
2015-05-25,555.0,555.0,555.0,555.0,0.0,555.0,0
2015-05-26,554.0,554.5,549.5,549.5,8700.0,549.5,0
2015-05-27,552.5,556.5,550.5,556.5,13800.0,556.5,0
2015-05-28,557.0,557.5,551.5,552.0,12400.0,552.0,0
2015-05-29,552.75,554.25,545.5,545.5,15600.0,545.5,0
2015-06-01,546.0,546.0,539.5,542.5,15800.0,542.5,0
2015-06-02,541.5,545.5,540.5,544.0,9000.0,544.0,0
2015-06-03,543.5,546.5,542.5,546.0,11800.0,546.0,0
2015-06-04,543.5,544.0,536.0,536.0,24300.0,536.0,0
2015-06-05,536.5,539.0,527.5,529.5,17300.0,529.5,0
2015-06-08,531.5,533.5,528.5,530.5,13000.0,530.5,0
2015-06-09,529.0,530.5,522.0,525.5,15900.0,525.5,0
2015-06-10,524.5,532.0,524.0,530.5,12500.0,530.5,0
2015-06-11,530.5,531.5,528.0,530.0,11000.0,530.0,0
2015-06-12,531.0,534.5,529.0,529.5,11300.0,529.5,0
2015-06-15,525.0,527.5,524.0,524.5,8800.0,524.5,0
2015-06-16,522.5,526.75,522.5,525.5,10300.0,525.5,0
2015-06-17,526.5,527.5,522.5,527.0,9700.0,527.0,0
2015-06-18,523.0,525.5,519.0,524.0,15800.0,524.0,0
2015-06-19,527.5,534.0,527.5,529.5,12000.0,529.5,0
2015-06-22,537.0,537.5,532.0,537.0,22100.0,537.0,0
2015-06-23,540.5,542.0,538.5,540.5,14700.0,540.5,0
2015-06-24,540.0,540.5,537.0,538.0,15400.0,538.0,0
2015-06-25,537.0,538.5,535.5,537.0,18100.0,537.0,0
2015-06-26,534.5,535.5,530.5,534.0,17400.0,534.0,0
2015-06-29,521.5,532.5,520.5,525.5,10600.0,525.5,0
2015-06-30,524.0,528.0,521.0,525.0,14500.0,525.0,0
2015-07-01,526.5,529.5,523.0,523.0,16200.0,523.0,0
2015-07-02,525.0,533.0,525.0,532.5,15800.0,532.5,0
2015-07-03,530.0,532.0,526.5,530.5,14300.0,530.5,0
2015-07-06,525.0,530.5,524.0,525.0,9200.0,525.0,0
2015-07-07,526.0,527.0,522.0,522.0,14200.0,522.0,0
2015-07-08,522.0,524.5,521.0,523.5,14300.0,523.5,0
2015-07-09,523.5,529.75,522.5,528.5,7600.0,528.5,0
2015-07-10,536.5,541.0,533.5,539.5,11900.0,539.5,0
2015-07-13,543.5,548.75,541.5,545.0,10800.0,545.0,0
2015-07-14,547.0,549.5,545.25,546.5,10500.0,546.5,0
2015-07-15,547.0,548.5,544.0,548.5,20900.0,548.5,0
2015-07-16,549.5,555.0,546.5,553.0,12600.0,553.0,0
2015-07-17,556.0,557.5,551.5,556.0,14100.0,556.0,0
2015-07-20,557.0,560.5,554.25,557.0,10700.0,557.0,0
2015-07-21,557.5,559.5,553.0,555.0,9200.0,555.0,0
2015-07-22,552.5,554.0,548.5,552.0,6600.0,552.0,0
2015-07-23,556.0,558.5,551.5,551.5,12800.0,551.5,0
2015-07-24,551.5,553.5,550.0,550.0,6400.0,550.0,0
2015-07-27,549.0,549.5,545.0,545.0,8500.0,545.0,0
2015-07-28,548.0,552.5,545.5,551.5,7400.0,551.5,0
2015-07-29,555.0,563.0,555.0,558.5,13200.0,558.5,0
2015-07-30,560.5,563.5,559.0,560.5,8900.0,560.5,0
2015-07-31,562.0,563.0,558.0,562.0,6900.0,562.0,0
2015-08-03,560.5,566.0,560.5,566.0,7200.0,566.0,0
2015-08-04,565.5,568.0,565.5,565.5,9600.0,565.5,0
2015-08-05,567.5,571.5,567.5,570.0,5200.0,570.0,0
2015-08-06,569.5,571.5,567.5,568.5,5400.0,568.5,0
2015-08-07,568.0,568.0,562.0,564.0,8600.0,564.0,0
2015-08-10,566.0,566.0,562.5,564.5,14100.0,564.5,0
2015-08-11,564.0,568.5,563.0,566.5,9900.0,566.5,0
2015-08-12,563.0,563.0,556.5,558.0,12400.0,558.0,0
2015-08-13,561.0,563.5,558.5,558.5,10500.0,558.5,0
2015-08-14,559.75,563.0,558.0,558.5,8900.0,558.5,0
2015-08-17,561.0,562.0,556.5,560.0,8800.0,560.0,0
2015-08-18,560.0,567.5,559.5,565.0,8300.0,565.0,0
2015-08-19,559.75,562.0,551.0,552.0,10000.0,552.0,0
2015-08-20,546.5,547.5,535.5,538.5,21500.0,538.5,0
2015-08-21,533.0,536.5,525.5,527.0,16300.0,527.0,0
2015-08-24,515.0,520.0,486.8,495.0,51300.0,495.0,0
2015-08-25,504.0,522.5,503.5,518.5,26800.0,518.5,0
2015-08-26,515.0,521.0,510.5,513.0,16700.0,513.0,0
2015-08-27,521.0,523.0,519.0,521.0,18700.0,521.0,0
2015-08-28,522.0,522.5,516.0,519.0,16000.0,519.0,0
2015-08-31,519.0,519.0,519.0,519.0,0.0,519.0,0
2015-09-01,517.0,520.5,507.5,511.5,17300.0,511.5,0
2015-09-02,510.5,513.0,504.0,509.0,16500.0,509.0,0
2015-09-03,513.5,517.5,511.0,517.0,16400.0,517.0,0
2015-09-04,511.5,519.0,511.0,513.0,24900.0,513.0,0
2015-09-07,517.5,518.5,513.5,516.0,11300.0,516.0,0
2015-09-08,517.0,522.75,516.5,517.0,18200.0,517.0,0
2015-09-09,523.5,524.5,519.0,521.0,14100.0,521.0,0
2015-09-10,517.5,518.0,510.25,511.25,23200.0,511.25,0
2015-09-11,510.0,510.0,502.25,502.5,32200.0,502.5,0
2015-09-14,504.5,508.5,497.4,498.1,23700.0,498.1,0
2015-09-15,494.3,494.6,484.9,490.2,54900.0,490.2,0
2015-09-16,494.4,496.6,489.8,492.8,36100.0,492.8,0
2015-09-17,489.7,490.0,483.7,485.5,41000.0,485.5,0
2015-09-18,485.5,490.8,483.5,488.2,40100.0,488.2,0
2015-09-21,489.0,491.6,485.6,487.1,13900.0,487.1,0
2015-09-22,487.1,487.1,477.3,477.8,29100.0,477.8,0
2015-09-23,476.2,484.9,475.7,479.7,24700.0,479.7,0
2015-09-24,480.3,486.4,475.1,476.1,28400.0,476.1,0
2015-09-25,480.9,488.7,480.3,485.9,25300.0,485.9,0
2015-09-28,485.9,490.9,481.8,481.8,29500.0,481.8,0
2015-09-29,478.0,483.3,475.2,479.2,47800.0,479.2,0
2015-09-30,484.7,490.2,484.1,485.9,29600.0,485.9,0
2015-10-01,490.7,491.0,480.3,480.9,37300.0,480.9,0
2015-10-02,484.1,486.4,474.4,479.8,45200.0,479.8,0
